1830,99,3,174,11,22,1,1,0,5,1,53,2,1,0,373
3232,10,0,9,0,8,1,2,0,2,1,6,0,6,6,51
7533,88,27,160,80,18,10,2,1,4,5,78,17,3,3,496
8024,78,3,156,60,23,12,8,5,4,2,76,3,5,7,442
8491,10,6,101,25,227,128,37,23,24,27,8,7,2,1,626
9223,107,24,91,38,16,7,4,0,39,2,44,8,45,6,431
10302,77,7,144,57,24,13,10,7,4,1,86,19,9,7,465
13621,68,3,127,31,28,7,5,1,3,0,65,2,8,6,354
14493,44,6,88,30,102,61,17,13,13,15,49,14,1,2,455
14802,39,9,38,10,19,7,10,7,3,2,27,2,15,12,200
17723,18,2,23,10,4,1,4,0,7,7,15,1,3,2,97
18886,0,0,1,0,7,2,0,0,0,0,0,0,4,1,15
19709,2,1,3,0,3,0,0,0,0,0,3,0,2,0,14
20581,6,1,12,2,6,2,12,7,0,0,12,7,4,0,71
21861,7,0,5,0,1,0,0,0,10,1,2,2,6,3,37
24789,2,1,5,0,1,0,3,1,4,0,5,1,2,1,26
26697,0,0,2,0,3,0,1,0,6,1,1,0,2,2,18
26908,1,0,2,0,3,0,1,0,6,1,1,0,3,2,20
28491,1,0,4,0,5,1,0,0,1,0,3,0,4,2,21
29543,3,1,0,0,0,0,6,3,0,0,1,2,0,0,16
29761,5,3,4,0,0,0,5,1,1,0,3,0,0,0,22
30318,3,1,3,0,0,0,5,0,0,0,6,2,0,0,20
31233,0,0,7,1,0,0,2,0,3,0,3,0,0,0,16
31334,0,0,6,1,0,0,2,0,5,2,3,0,0,0,19
31393,0,0,6,1,1,0,3,0,4,1,3,0,0,0,19
31466,0,0,6,1,1,0,2,0,5,1,3,0,0,0,19
31554,0,0,7,1,0,0,2,0,4,1,3,0,0,0,18
31581,1,0,6,3,0,0,3,0,2,0,3,0,0,0,18
31793,0,0,9,4,0,0,2,0,4,1,3,0,0,0,23
32014,0,0,7,1,1,0,2,0,3,0,3,0,0,0,17
32124,1,0,6,1,0,0,3,0,2,0,3,0,0,0,16
32158,1,0,6,2,1,0,2,0,5,1,3,0,0,1,22
32302,0,0,6,1,1,0,2,0,5,1,3,1,0,0,20
32409,1,0,6,1,1,0,3,0,2,0,3,0,0,0,17
32418,0,0,6,1,1,0,3,0,4,1,3,0,0,0,19
32777,0,0,6,4,0,0,3,0,4,1,3,0,0,0,21
33559,1,0,3,0,3,0,1,0,1,0,2,2,0,0,13
34044,0,0,5,3,0,0,0,0,5,1,2,0,0,0,16
34096,1,0,5,1,1,1,0,0,6,1,2,0,0,0,18
34224,0,0,6,1,0,0,0,0,3,0,2,0,0,0,12
34616,0,0,6,1,0,0,0,0,3,0,2,0,0,0,12
34646,0,0,6,1,0,0,0,0,3,0,2,0,0,0,12
34810,0,0,6,1,0,0,0,0,3,0,2,0,0,0,12
35912,0,0,0,0,0,0,1,0,2,0,1,0,2,2,8
35922,4,0,4,0,6,1,8,4,1,0,4,0,0,0,32
37681,0,0,1,0,1,0,3,1,0,0,1,0,4,1,12
