53,389,6,0,6,0.00610376398779247
54,389,5,0,5,0.00508646998982706
55,389,5,0,5,0.00508646998982706
56,389,6,0,6,0.00610376398779247
57,389,5,0,5,0.00508646998982706
60,389,7,0,7,0.00712105798575788
62,389,6,0,6,0.00610376398779247
63,389,6,0,6,0.00610376398779247
64,389,7,0,7,0.00712105798575788
65,389,7,0,7,0.00712105798575788
66,389,6,0,6,0.00610376398779247
68,389,6,0,6,0.00610376398779247
70,389,8,0,8,0.0081383519837233
72,389,6,0,6,0.00610376398779247
73,389,6,0,6,0.00610376398779247
74,389,6,0,6,0.00610376398779247
75,389,6,0,6,0.00610376398779247
76,389,6,0,6,0.00610997963340122
79,389,5,0,5,0.00509164969450102
80,389,8,0,8,0.00814663951120163
82,389,6,0,6,0.00610997963340122
85,389,5,0,5,0.00509164969450102
86,389,7,0,7,0.00712830957230143
87,389,5,0,5,0.00509683995922528
88,389,9,0,9,0.00917431192660551
90,389,8,0,8,0.00815494393476045
92,389,6,0,6,0.00611620795107034
94,389,5,0,5,0.00509683995922528
95,389,6,0,6,0.00611620795107034
96,389,9,0,9,0.00917431192660551
100,389,4,0,4,0.00407747196738022
102,389,8,0,8,0.00815494393476045
103,389,6,0,6,0.00611620795107034
104,389,6,0,6,0.00611620795107034
105,389,6,0,6,0.00612244897959184
106,389,6,0,6,0.00612244897959184
107,389,4,0,4,0.00408163265306122
108,389,7,0,7,0.00714285714285714
109,389,6,0,6,0.00612244897959184
110,389,7,0,7,0.00714285714285714
112,389,6,0,6,0.00612870275791624
113,389,5,0,5,0.00510725229826353
114,389,6,0,6,0.00612870275791624
119,389,6,0,6,0.00612870275791624
120,389,6,0,6,0.00612870275791624
121,389,6,0,6,0.00612870275791624
122,389,7,0,7,0.00715015321756895
124,389,7,0,7,0.00715015321756895
125,389,7,0,7,0.00715746421267894
126,389,7,0,7,0.00715746421267894
127,389,7,0,7,0.00715746421267894
129,389,8,0,8,0.0081799591002045
131,389,7,0,7,0.00715746421267894
132,389,9,0,9,0.00920245398773006
136,389,6,0,6,0.00613496932515337
138,389,6,0,6,0.00613496932515337
140,389,7,0,7,0.00715746421267894
141,389,8,0,8,0.0081799591002045
144,389,7,0,7,0.00716479017400205
147,389,6,0,6,0.00614754098360656
148,389,9,0,9,0.00922131147540984
154,389,8,0,8,0.00819672131147541
159,389,4,0,4,0.0041025641025641
161,389,6,0,6,0.00615384615384615
164,389,6,0,6,0.00615384615384615
165,389,7,0,7,0.00717948717948718
170,389,7,0,7,0.00718685831622177
174,389,6,0,6,0.00616016427104723
175,389,7,0,7,0.00718685831622177
177,389,8,0,8,0.0082135523613963
179,389,6,0,6,0.00616016427104723
183,389,7,0,7,0.00719424460431655
184,389,5,0,5,0.00513874614594039
187,389,6,0,6,0.00616649537512847
190,389,6,0,6,0.00616649537512847
191,389,6,0,6,0.00616649537512847
193,389,4,0,4,0.00411522633744856
194,389,7,0,7,0.00720164609053498
195,389,5,0,5,0.0051440329218107
196,389,5,0,5,0.0051440329218107
197,389,5,0,5,0.0051440329218107
198,389,6,0,6,0.00617283950617284
201,389,6,0,6,0.00617283950617284
203,389,7,0,7,0.00720164609053498
206,389,6,0,6,0.00617283950617284
207,389,7,0,7,0.00720164609053498
208,389,6,0,6,0.00617283950617284
211,389,6,0,6,0.00617283950617284
213,389,6,0,6,0.00617919670442842
214,389,8,0,8,0.0082389289392379
215,389,6,0,6,0.00617919670442842
217,389,8,0,8,0.0082389289392379
218,389,6,0,6,0.00617919670442842
219,389,7,0,7,0.00720906282183316
221,389,6,0,6,0.00617919670442842
224,389,6,0,6,0.00617919670442842
225,389,6,0,6,0.00617919670442842
226,389,6,0,6,0.00617919670442842
227,389,5,0,5,0.00514933058702369
229,389,6,0,6,0.00617919670442842
230,389,6,0,6,0.00617919670442842
236,389,6,0,6,0.00623052959501558
237,389,4,0,4,0.00415368639667705
238,389,5,0,5,0.00519210799584631
239,389,7,0,7,0.00726895119418484
240,389,5,0,5,0.00519210799584631
241,389,7,0,7,0.00726895119418484
242,389,5,0,5,0.0051975051975052
243,389,5,0,5,0.0051975051975052
245,389,6,0,6,0.00623700623700624
247,389,6,0,6,0.00623700623700624
248,389,6,0,6,0.00623700623700624
251,389,5,0,5,0.00520291363163371
252,389,5,0,5,0.00520291363163371
254,389,4,0,4,0.00416233090530697
255,389,5,0,5,0.00520291363163371
256,389,7,0,7,0.00729166666666667
257,389,6,0,6,0.00625
258,389,6,0,6,0.00625
259,389,6,0,6,0.00625
264,389,5,0,5,0.00521376433785193
266,389,5,0,5,0.00521920668058455
267,389,6,0,6,0.00626304801670146
268,389,6,0,6,0.00626304801670146
270,389,6,0,6,0.00626304801670146
271,389,5,0,5,0.00521920668058455
272,389,6,0,6,0.00626959247648903
276,389,6,0,6,0.00626959247648903
277,389,7,0,7,0.00731452455590387
278,389,7,0,7,0.00731452455590387
284,389,7,0,7,0.00732984293193717
287,389,8,0,8,0.00837696335078534
289,389,9,0,9,0.00943396226415094
290,389,7,0,7,0.00733752620545073
291,389,8,0,8,0.00838574423480084
296,389,6,0,6,0.00630252100840336
298,389,7,0,7,0.00735294117647059
299,389,6,0,6,0.00630252100840336
300,389,7,0,7,0.00735294117647059
302,389,7,0,7,0.00736067297581493
303,389,6,0,6,0.00630914826498423
307,389,6,0,6,0.00630914826498423
308,389,6,0,6,0.00632911392405063
310,389,7,0,7,0.00738396624472574
311,389,6,0,6,0.00632911392405063
313,389,6,0,6,0.00633579725448786
316,389,7,0,7,0.00739957716701903
318,389,8,0,8,0.00846560846560847
320,389,8,0,8,0.00846560846560847
321,389,9,0,9,0.00953389830508475
322,389,7,0,7,0.00741525423728814
326,389,7,0,7,0.00743099787685775
327,389,7,0,7,0.00743889479277365
328,389,7,0,7,0.0074468085106383
330,389,7,0,7,0.0074468085106383
337,389,8,0,8,0.00851970181043664
338,389,8,0,8,0.00851970181043664
343,389,8,0,8,0.00852878464818763
345,389,7,0,7,0.00746268656716418
347,389,8,0,8,0.00852878464818763
348,389,8,0,8,0.00852878464818763
350,389,9,0,9,0.0096051227321238
354,389,7,0,7,0.00747065101387407
363,389,7,0,7,0.00748663101604278
368,389,7,0,7,0.00748663101604278
373,389,7,0,7,0.00748663101604278
374,389,7,0,7,0.00749464668094218
376,389,7,0,7,0.00749464668094218
377,389,6,0,6,0.00642398286937901
378,389,7,0,7,0.007502679528403
379,389,7,0,7,0.007502679528403
380,389,7,0,7,0.007502679528403
381,389,7,0,7,0.007502679528403
418,389,6,1,7,0.00759219088937093
421,389,6,1,7,0.00760043431053203
422,389,7,1,8,0.00868621064060804
423,389,6,1,7,0.00760869565217391
425,389,6,1,7,0.00761697497279652
429,389,6,1,7,0.00762527233115468
430,389,6,1,7,0.00762527233115468
431,389,6,1,7,0.00762527233115468
432,389,7,1,8,0.00871459694989107
435,389,6,1,7,0.00763358778625954
436,389,7,1,8,0.00872410032715376
440,389,5,1,6,0.00654307524536532
442,389,6,1,7,0.00763358778625954
443,389,6,1,7,0.00763358778625954
444,389,5,1,6,0.00654307524536532
447,389,5,1,6,0.00654307524536532
448,389,5,1,6,0.00654307524536532
449,389,5,1,6,0.00655021834061135
451,389,6,1,7,0.00764192139737991
452,389,6,1,7,0.00764192139737991
453,389,6,1,7,0.00764192139737991
454,389,5,1,6,0.00655021834061135
455,389,5,1,6,0.00655021834061135
456,389,5,1,6,0.00655021834061135
457,389,5,1,6,0.00655021834061135
460,389,5,1,6,0.00655021834061135
461,389,5,1,6,0.00655021834061135
462,389,12,1,13,0.0141921397379913
463,389,7,1,8,0.00873362445414847
464,389,7,1,8,0.00873362445414847
466,389,8,1,9,0.00982532751091703
467,389,7,1,8,0.00873362445414847
469,389,7,1,8,0.0087431693989071
470,389,8,1,9,0.00983606557377049
471,389,7,1,8,0.0087431693989071
473,389,7,1,8,0.0087431693989071
475,389,8,1,9,0.00983606557377049
477,389,8,1,9,0.00983606557377049
478,389,8,1,9,0.00983606557377049
479,389,6,1,7,0.00765864332603939
480,389,7,1,8,0.0087527352297593
481,389,7,1,8,0.0087527352297593
482,389,6,1,7,0.00765864332603939
483,389,6,1,7,0.00765864332603939
484,389,7,1,8,0.0087527352297593
485,389,8,1,9,0.00984682713347921
486,389,7,1,8,0.0087527352297593
487,389,7,1,8,0.0087527352297593
490,389,9,1,10,0.0109409190371991
491,389,9,1,10,0.0109409190371991
492,389,7,1,8,0.0087527352297593
494,389,8,1,9,0.00984682713347921
495,389,6,1,7,0.00765864332603939
496,389,6,1,7,0.00765864332603939
497,389,7,1,8,0.0087527352297593
499,389,7,1,8,0.0087527352297593
500,389,6,1,7,0.00765864332603939
506,389,7,1,8,0.0087527352297593
508,389,6,1,7,0.00765864332603939
511,389,8,1,9,0.00985761226725082
513,389,7,1,8,0.00876232201533406
514,389,6,1,7,0.00766703176341731
517,389,6,1,7,0.00766703176341731
520,389,7,1,8,0.00876232201533406
521,389,5,1,6,0.00657174151150055
523,389,8,1,9,0.00985761226725082
524,389,8,1,9,0.00985761226725082
525,389,8,1,9,0.00985761226725082
526,389,6,1,7,0.00766703176341731
527,389,6,1,7,0.00766703176341731
532,389,8,1,9,0.00985761226725082
533,389,6,1,7,0.00766703176341731
535,389,7,1,8,0.00876232201533406
537,389,6,1,7,0.00766703176341731
540,389,8,1,9,0.00986842105263158
544,389,8,1,9,0.00986842105263158
545,389,6,1,7,0.00767543859649123
547,389,7,1,8,0.0087719298245614
548,389,6,1,7,0.00767543859649123
550,389,6,1,7,0.00767543859649123
551,389,9,1,10,0.0109649122807018
552,389,6,1,7,0.00767543859649123
553,389,7,1,8,0.0087719298245614
555,389,9,2,11,0.0120614035087719
556,389,6,1,7,0.00768386388583974
557,389,7,1,8,0.00878155872667398
558,389,6,1,7,0.00768386388583974
559,389,6,1,7,0.00768386388583974
560,389,7,1,8,0.00878155872667398
563,389,6,1,7,0.00768386388583974
564,389,7,1,8,0.00878155872667398
566,389,7,2,9,0.00987925356750823
568,389,6,1,7,0.00768386388583974
569,389,7,1,8,0.00878155872667398
570,389,5,1,6,0.00658616904500549
571,389,5,1,6,0.00658616904500549
573,389,7,1,8,0.00878155872667398
574,389,7,1,8,0.00879120879120879
575,389,6,1,7,0.00769230769230769
576,389,5,1,6,0.00659340659340659
578,389,6,1,7,0.00769230769230769
581,389,5,1,6,0.00659340659340659
582,389,6,1,7,0.0077007700770077
584,389,7,1,8,0.00881057268722467
585,389,7,1,8,0.00881057268722467
586,389,8,1,9,0.00991189427312775
587,389,4,1,5,0.00551267916207277
592,389,6,1,7,0.00771775082690187
593,389,7,1,8,0.00882028665931643
594,389,8,1,9,0.00992282249173098
595,389,6,1,7,0.00771775082690187
597,389,8,2,10,0.0110253583241455
598,389,7,1,8,0.00882028665931643
601,389,7,1,8,0.00883002207505519
604,389,8,1,9,0.00993377483443709
605,389,8,1,9,0.00993377483443709
611,389,7,1,8,0.00884955752212389
612,389,5,1,6,0.00663716814159292
614,389,7,1,8,0.008859357696567
615,389,6,1,7,0.00775193798449612
616,389,6,1,7,0.00775193798449612
618,389,6,1,7,0.00775193798449612
619,389,6,1,7,0.00775193798449612
621,389,7,1,8,0.008859357696567
626,389,7,1,8,0.00886917960088692
627,389,5,1,6,0.00665188470066519
630,389,6,1,7,0.00776053215077605
635,389,8,1,9,0.00998890122086571
637,389,9,1,10,0.0110987791342952
639,389,8,1,9,0.00998890122086571
640,389,8,1,9,0.00998890122086571
643,389,7,1,8,0.00888888888888889
646,389,9,1,10,0.0111111111111111
647,389,8,1,9,0.01
649,389,9,1,10,0.0111111111111111
650,389,8,1,9,0.01
652,389,8,1,9,0.01
653,389,7,1,8,0.00888888888888889
654,389,6,1,7,0.00778642936596218
656,389,6,1,7,0.00778642936596218
657,389,7,1,8,0.0089086859688196
658,389,7,1,8,0.0089086859688196
659,389,7,1,8,0.0089086859688196
662,389,6,1,7,0.00780379041248606
664,389,6,1,7,0.0078125
665,389,7,1,8,0.00892857142857143
667,389,7,1,8,0.00894854586129754
668,389,7,1,8,0.00894854586129754
669,389,7,1,8,0.00894854586129754
670,389,7,1,8,0.00894854586129754
671,389,7,1,8,0.00894854586129754
674,389,6,1,7,0.00782997762863535
675,389,7,1,8,0.00894854586129754
677,389,7,1,8,0.00894854586129754
679,389,9,2,11,0.0123042505592841
680,389,6,1,7,0.00782997762863535
681,389,8,1,9,0.0100783874580067
682,389,7,1,8,0.00895856662933931
683,389,7,2,9,0.0100783874580067
684,389,6,1,7,0.00783874580067189
685,389,6,1,7,0.00783874580067189
697,389,6,1,7,0.00786516853932584
699,389,5,1,6,0.00676437429537768
703,389,5,1,6,0.00677200902934537
704,389,6,1,7,0.00790067720090293
705,389,4,1,5,0.00564971751412429
707,389,5,1,6,0.00678733031674208
710,389,4,1,5,0.00565610859728507
711,389,4,1,5,0.00566251415628539
712,389,9,1,10,0.0113378684807256
716,389,6,1,7,0.00794551645856981
719,389,7,1,8,0.00910125142207053
722,389,7,1,8,0.00910125142207053
723,389,6,1,7,0.00796359499431172
728,389,5,1,6,0.00683371298405467
730,389,8,1,9,0.010250569476082
732,389,8,1,9,0.010250569476082
736,389,7,1,8,0.00911161731207289
737,389,6,1,7,0.00797266514806378
739,389,5,1,6,0.00684931506849315
740,389,5,1,6,0.00684931506849315
741,389,5,1,6,0.00684931506849315
744,389,5,1,6,0.00684931506849315
745,389,7,1,8,0.00914285714285714
746,389,7,1,8,0.00914285714285714
747,389,6,1,7,0.0080091533180778
749,389,5,1,6,0.00687285223367698
750,389,5,1,6,0.00687285223367698
751,389,7,2,9,0.0103211009174312
752,389,5,1,6,0.00688073394495413
753,389,8,1,9,0.0103211009174312
759,389,5,1,6,0.0068886337543054
760,389,6,1,7,0.00804597701149425
761,389,6,1,7,0.00804597701149425
780,11,309,99,408,0.468965517241379
818,11,478,140,618,0.711981566820276
845,389,15,5,20,0.0239808153477218
846,389,12,4,16,0.0191846522781775
847,389,11,3,14,0.0167865707434053
850,389,7,2,9,0.0107913669064748
852,389,7,1,8,0.00959232613908873
854,389,7,1,8,0.00959232613908873
855,389,8,1,9,0.0107913669064748
856,389,6,1,7,0.00839328537170264
857,389,7,1,8,0.00959232613908873
858,389,7,1,8,0.00959232613908873
859,389,7,1,8,0.00959232613908873
861,389,6,1,7,0.00840336134453781
862,389,9,2,11,0.0132052821128451
863,389,8,1,9,0.0108043217286915
864,389,7,1,8,0.00960384153661465
865,389,7,2,9,0.0108043217286915
866,389,6,1,7,0.00840336134453781
867,389,9,3,12,0.014405762304922
868,389,8,1,9,0.0108043217286915
871,389,5,1,6,0.00720288115246098
872,389,6,1,7,0.00840336134453781
873,389,6,2,8,0.00960384153661465
874,389,18,8,26,0.0312124849939976
875,389,5,1,6,0.00720288115246098
876,389,6,1,7,0.00840336134453781
877,389,11,4,15,0.0180072028811525
878,389,5,1,6,0.00720288115246098
880,389,7,2,9,0.0108043217286915
881,389,12,5,17,0.0204081632653061
882,389,5,1,6,0.00720288115246098
883,389,9,3,12,0.014405762304922
884,389,17,7,24,0.0288115246098439
886,389,6,1,7,0.00840336134453781
887,389,8,1,9,0.0108043217286915
889,389,7,1,8,0.00960384153661465
890,389,17,6,23,0.0276110444177671
891,389,7,1,8,0.00960384153661465
892,389,11,3,14,0.0168067226890756
893,389,10,2,12,0.014405762304922
894,389,7,1,8,0.00960384153661465
895,389,8,1,9,0.0108043217286915
898,389,10,3,13,0.0156062424969988
899,389,8,1,9,0.0108043217286915
900,389,7,1,8,0.00960384153661465
901,389,9,2,11,0.0132052821128451
902,389,30,13,43,0.0516206482593037
903,389,10,2,12,0.014405762304922
904,389,8,2,10,0.0120048019207683
907,389,6,1,7,0.00840336134453781
908,389,10,3,13,0.0156062424969988
909,389,6,1,7,0.00840336134453781
910,389,9,2,11,0.0132052821128451
911,389,9,4,13,0.0156062424969988
913,389,7,1,8,0.00960384153661465
916,389,7,1,8,0.00960384153661465
919,389,6,1,7,0.00840336134453781
920,389,43,41,84,0.100840336134454
921,389,6,1,7,0.00840336134453781
926,389,8,2,10,0.0120048019207683
927,389,6,1,7,0.00840336134453781
928,389,8,2,10,0.0120048019207683
929,389,8,2,10,0.0120048019207683
930,389,6,1,7,0.00840336134453781
931,389,6,1,7,0.00840336134453781
932,389,12,4,16,0.0192076830732293
933,389,6,1,7,0.00840336134453781
934,389,6,1,7,0.00840336134453781
935,389,7,1,8,0.00960384153661465
936,389,8,2,10,0.0120048019207683
938,389,8,2,10,0.0120048019207683
939,389,7,1,8,0.00960384153661465
940,389,6,1,7,0.00840336134453781
941,389,9,2,11,0.0132052821128451
942,389,7,1,8,0.00960384153661465
946,389,8,1,9,0.0108043217286915
947,389,7,1,8,0.00960384153661465
948,389,18,11,29,0.0348139255702281
949,389,7,1,8,0.00960384153661465
952,389,7,1,8,0.00960384153661465
954,389,7,1,8,0.00960384153661465
955,389,7,1,8,0.00960384153661465
957,389,6,1,7,0.00840336134453781
959,389,10,3,13,0.015625
960,389,12,4,16,0.0192307692307692
961,389,7,1,8,0.00961538461538462
965,389,12,4,16,0.0192307692307692
968,389,15,4,19,0.0228365384615385
971,389,11,3,14,0.0168269230769231
972,389,42,19,61,0.0733173076923077
973,389,7,1,8,0.00961538461538462
975,389,8,1,9,0.0108173076923077
976,389,7,1,8,0.00961538461538462
979,389,10,3,13,0.015625
980,389,7,1,8,0.00961538461538462
982,389,7,1,8,0.00961538461538462
984,389,7,1,8,0.00961538461538462
986,389,17,6,23,0.0276442307692308
987,389,8,1,9,0.0108173076923077
988,389,8,1,9,0.0108173076923077
989,389,7,1,8,0.00961538461538462
990,389,15,6,21,0.0252403846153846
992,389,9,2,11,0.0132211538461538
993,389,8,1,9,0.0108173076923077
995,389,8,1,9,0.0108173076923077
996,389,8,2,10,0.0120192307692308
999,389,8,2,10,0.0120336943441637
1001,389,6,2,8,0.00962695547533093
1002,389,5,1,6,0.0072202166064982
1007,389,9,1,10,0.0120336943441637
1009,389,6,1,7,0.00843373493975904
1010,389,5,1,6,0.0072289156626506
1011,389,5,1,6,0.0072289156626506
1012,389,5,1,6,0.0072289156626506
1013,389,5,1,6,0.0072289156626506
1014,389,5,1,6,0.0072289156626506
1015,389,7,1,8,0.00963855421686747
1016,389,6,2,8,0.00963855421686747
1017,389,14,4,18,0.0216867469879518
1018,389,7,1,8,0.00963855421686747
1019,389,6,1,7,0.00843373493975904
1020,389,10,3,13,0.0156815440289505
1021,389,5,1,6,0.00723763570566948
1023,389,5,1,6,0.00723763570566948
1026,389,6,1,7,0.00844390832328106
1027,389,8,1,9,0.0108564535585042
1028,389,7,1,8,0.00965018094089264
1029,389,8,2,10,0.0120627261761158
1035,389,10,3,13,0.0157004830917874
1036,67,90,10,100,0.120772946859903
1037,389,43,29,72,0.0869565217391304
1040,389,8,3,11,0.0132850241545894
1041,389,5,1,6,0.0072463768115942
1043,389,5,1,6,0.0072463768115942
1045,389,4,1,5,0.00603864734299517
1046,389,15,9,24,0.0289855072463768
1047,67,85,3,88,0.106280193236715
1050,389,6,2,8,0.00966183574879227
1051,389,5,1,6,0.00725513905683192
1052,389,9,2,11,0.0133010882708585
1053,389,4,1,5,0.0060459492140266
1054,389,10,6,16,0.0193470374848851
1055,389,6,2,8,0.00967351874244256
1056,389,7,3,10,0.0120918984280532
1057,389,4,1,5,0.0060459492140266
1058,389,18,13,31,0.0374848851269649
1059,389,4,1,5,0.0060459492140266
1060,389,43,24,67,0.0810157194679565
1062,389,10,4,14,0.0169286577992745
1064,389,5,2,7,0.00847457627118644
1065,389,4,1,5,0.00605326876513317
1066,389,6,2,8,0.00968523002421308
1067,389,7,4,11,0.013317191283293
1068,389,4,1,5,0.00605326876513317
1069,389,4,1,5,0.00605326876513317
1070,389,5,2,7,0.00847457627118644
1071,389,4,1,5,0.00605326876513317
1073,389,4,1,5,0.00606060606060606
1077,389,8,3,11,0.0133333333333333
1083,389,4,1,5,0.00606796116504854
1085,389,9,5,14,0.0169902912621359
1086,389,11,7,18,0.0218446601941748
1088,389,4,1,5,0.00606796116504854
1089,389,6,2,8,0.00970873786407767
1091,389,23,12,35,0.0424757281553398
1092,389,4,1,5,0.00607533414337789
1093,389,4,2,6,0.00729040097205346
1095,389,16,11,27,0.0328068043742406
1096,389,10,4,14,0.0170109356014581
1097,389,5,2,7,0.00850546780072904
1100,389,6,2,8,0.00972053462940462
1101,389,8,4,12,0.0145808019441069
1102,389,4,1,5,0.00608272506082725
1103,389,10,4,14,0.0170316301703163
1104,389,8,3,11,0.01338199513382
1106,389,4,1,5,0.00608272506082725
1108,389,4,1,5,0.00608272506082725
1109,389,7,4,11,0.01338199513382
1110,389,3,1,4,0.0048661800486618
1111,389,4,1,5,0.00608272506082725
1112,389,8,4,12,0.0145985401459854
1113,389,3,1,4,0.0048661800486618
1114,389,3,1,4,0.0048661800486618
1115,389,3,1,4,0.0048661800486618
1116,389,16,8,24,0.0291970802919708
1118,389,3,1,4,0.0048721071863581
1119,389,7,3,10,0.0121802679658952
1120,389,3,1,4,0.0048721071863581
1121,389,3,1,4,0.0048721071863581
1122,389,4,1,5,0.00609013398294762
1123,389,14,9,23,0.0280146163215591
1124,389,5,1,6,0.00730816077953715
1125,389,4,1,5,0.00609013398294762
1126,389,3,1,4,0.0048721071863581
1127,389,4,1,5,0.00609013398294762
1130,389,7,2,9,0.0109622411693057
1131,389,14,10,24,0.0292326431181486
1132,389,5,2,7,0.00853658536585366
1133,389,4,1,5,0.00609756097560976
1134,389,3,1,4,0.0048780487804878
1135,389,4,2,6,0.00731707317073171
1136,389,5,2,7,0.00853658536585366
1137,389,3,1,4,0.0048780487804878
1138,389,3,1,4,0.0048780487804878
1141,389,3,1,4,0.00488400488400488
1142,389,10,7,17,0.0207570207570208
1143,389,4,1,5,0.00610500610500611
1144,389,7,4,11,0.0134310134310134
1146,389,4,1,5,0.00610500610500611
1149,389,4,1,5,0.00610500610500611
1151,389,39,24,63,0.0769230769230769
1152,389,4,1,5,0.00611246943765281
1153,389,7,4,11,0.0134474327628362
1154,389,4,1,5,0.00611246943765281
1156,389,4,1,5,0.00611246943765281
1157,389,4,1,5,0.00611995104039168
1158,389,4,1,5,0.00611995104039168
1159,389,4,1,5,0.00611995104039168
1160,389,19,19,38,0.0465116279069767
1161,389,4,1,5,0.00611995104039168
1162,389,4,1,5,0.00611995104039168
1163,389,4,1,5,0.00611995104039168
1164,389,4,1,5,0.00611995104039168
1165,389,6,2,8,0.00980392156862745
1166,389,4,1,5,0.00612745098039216
1167,389,6,2,8,0.00980392156862745
1170,389,22,12,34,0.0416666666666667
1171,389,8,3,11,0.0134803921568627
1172,389,4,1,5,0.00612745098039216
1173,389,7,1,8,0.00980392156862745
1174,389,5,1,6,0.00735294117647059
1175,389,5,1,6,0.00735294117647059
1176,389,6,1,7,0.00858895705521472
1177,389,7,3,10,0.0122699386503067
1178,389,6,2,8,0.0098159509202454
1179,389,4,1,5,0.00613496932515337
1180,389,6,2,8,0.0098159509202454
1181,67,124,38,162,0.198773006134969
1182,389,6,1,7,0.00858895705521472
1183,389,7,3,10,0.0122699386503067
1185,67,93,13,106,0.13022113022113
1186,389,5,1,6,0.00737100737100737
1188,389,4,1,5,0.00614250614250614
1191,389,6,2,8,0.00982800982800983
1193,389,10,4,14,0.0171990171990172
1194,389,10,4,14,0.0171990171990172
1195,389,4,1,5,0.00615006150061501
1196,389,4,1,5,0.00615006150061501
1197,389,17,10,27,0.033210332103321
1199,389,16,6,22,0.027060270602706
1200,389,5,1,6,0.00738007380073801
1201,389,6,3,9,0.011070110701107
1202,389,4,1,5,0.00615006150061501
1204,389,5,1,6,0.00738007380073801
1205,389,10,4,14,0.017220172201722
1208,389,4,1,5,0.00615006150061501
1209,389,10,4,14,0.0172413793103448
1210,389,6,2,8,0.00985221674876847
1211,389,4,1,5,0.0061576354679803
1213,389,6,2,8,0.00985221674876847
1214,389,4,1,5,0.0061576354679803
1215,389,6,2,8,0.00985221674876847
1216,389,4,1,5,0.0061576354679803
1217,389,5,2,7,0.00862068965517241
1218,389,6,2,8,0.00985221674876847
1219,389,6,2,8,0.00985221674876847
1221,389,4,1,5,0.0061652281134402
1222,389,4,1,5,0.0061652281134402
1224,389,5,2,7,0.00863131935881628
1225,389,3,1,4,0.00493218249075216
1226,389,3,1,4,0.00493218249075216
1228,389,3,1,4,0.00493827160493827
1229,389,3,4,7,0.00864197530864197
1231,389,3,2,5,0.00617283950617284
1232,389,3,1,4,0.00493827160493827
1233,67,85,5,90,0.111111111111111
1234,389,3,2,5,0.00617283950617284
1235,389,2,1,3,0.0037037037037037
1236,389,3,1,4,0.00493827160493827
1238,389,3,2,5,0.00618046971569839
1239,389,3,1,4,0.00494437577255871
1240,389,3,1,4,0.00494437577255871
1242,67,83,2,85,0.105067985166873
1243,389,4,1,5,0.00618046971569839
1244,389,8,4,12,0.0148331273176761
1245,389,4,1,5,0.00618811881188119
1246,389,4,1,5,0.00618811881188119
1247,389,4,1,5,0.00618811881188119
1248,389,10,4,14,0.0173267326732673
1249,389,4,1,5,0.00618811881188119
1250,389,4,1,5,0.00618811881188119
1251,389,6,2,8,0.0099009900990099
1255,389,5,1,6,0.00743494423791822
1256,389,5,1,6,0.00743494423791822
1257,389,8,2,10,0.0123915737298637
1258,389,5,1,6,0.00743494423791822
1260,389,6,1,7,0.0086848635235732
1262,389,3,1,4,0.00496277915632754
1263,389,3,1,4,0.00496277915632754
1264,389,5,2,7,0.0086848635235732
1265,389,4,1,5,0.00620347394540943
1267,389,5,2,7,0.0086848635235732
1268,389,5,1,6,0.00744416873449132
1272,389,10,5,15,0.0186335403726708
1286,12,384,113,497,0.619700748129676
1299,389,4,1,5,0.00624219725343321
1300,389,3,1,4,0.00499375780274657
1302,389,6,3,9,0.0112359550561798
1306,389,5,2,7,0.00873907615480649
1308,389,4,2,6,0.0075
1311,389,3,1,4,0.005
1312,389,10,5,15,0.01875
1313,389,3,1,4,0.005
1316,389,6,2,8,0.01
1321,389,7,4,11,0.01375
1322,389,7,3,10,0.0125
1328,389,4,1,5,0.00625782227784731
1329,389,7,4,11,0.0137672090112641
1330,389,4,1,5,0.00625782227784731
1331,389,5,2,7,0.00876095118898623
1332,389,3,1,4,0.00500625782227785
1333,389,4,2,6,0.00750938673341677
1334,389,3,1,4,0.00500625782227785
1335,389,3,1,4,0.00500625782227785
1337,389,3,1,4,0.0050125313283208
1338,389,3,1,4,0.0050125313283208
1339,389,3,1,4,0.0050125313283208
1340,389,3,1,4,0.0050125313283208
1342,389,5,3,8,0.0100250626566416
1345,389,4,1,5,0.006265664160401
1346,389,4,1,5,0.006265664160401
1347,389,4,1,5,0.006265664160401
1348,389,11,5,16,0.0200501253132832
1349,389,3,1,4,0.0050125313283208
1352,389,3,1,4,0.0050125313283208
1356,389,5,2,7,0.00878293601003764
1357,389,5,3,8,0.0100376411543287
1358,389,3,1,4,0.00501882057716437
1359,389,5,1,6,0.00752823086574655
1360,389,6,1,7,0.00878293601003764
1361,389,5,1,6,0.00752823086574655
1365,389,12,5,17,0.0213299874529486
1367,389,10,3,13,0.0163111668757842
1368,389,5,1,6,0.00753768844221105
1370,389,5,1,6,0.00753768844221105
1371,389,11,4,15,0.0188442211055276
1372,389,4,1,5,0.00628140703517588
1373,389,4,1,5,0.00628140703517588
1374,389,4,1,5,0.00628140703517588
1375,389,5,1,6,0.00753768844221105
1377,389,7,4,11,0.0138190954773869
1378,389,4,1,5,0.00628140703517588
1381,389,3,1,4,0.0050251256281407
1382,389,4,1,5,0.00628140703517588
1384,389,7,2,9,0.0113065326633166
1387,389,6,3,9,0.0113207547169811
1389,389,4,1,5,0.00628930817610063
1390,389,6,1,7,0.00880503144654088
1391,389,5,1,6,0.00754716981132075
1392,389,10,5,15,0.0188679245283019
1393,389,4,1,5,0.00628930817610063
1395,389,4,1,5,0.00628930817610063
1396,389,3,1,4,0.00503778337531486
1398,389,4,1,5,0.00629722921914358
1399,389,3,1,4,0.00503778337531486
1401,389,17,11,28,0.035264483627204
1402,389,3,1,4,0.00503778337531486
1403,389,3,2,5,0.00629722921914358
1404,389,3,1,4,0.00503778337531486
1407,389,10,5,15,0.0188916876574307
1410,389,3,1,4,0.00504413619167718
1411,389,3,1,4,0.00504413619167718
1412,389,13,11,24,0.0302648171500631
1413,389,5,3,8,0.0100882723833544
1414,389,6,2,8,0.0100882723833544
1415,389,7,2,9,0.0113493064312736
1421,389,6,1,7,0.00882723833543506
1422,389,24,19,43,0.0542929292929293
1423,389,3,1,4,0.00505050505050505
1424,389,3,1,4,0.00505050505050505
1425,389,4,2,6,0.00757575757575758
1426,389,3,1,4,0.00505050505050505
1429,389,3,1,4,0.00505050505050505
1430,389,7,3,10,0.0126262626262626
1431,389,3,1,4,0.00505050505050505
1434,389,3,1,4,0.00505050505050505
1435,389,14,9,23,0.029040404040404
1438,389,3,1,4,0.00505689001264223
1440,389,14,8,22,0.0278128950695322
1443,389,3,1,4,0.00505689001264223
1446,389,8,6,14,0.0176991150442478
1447,389,3,1,4,0.00506329113924051
1450,389,3,1,4,0.00506329113924051
1451,389,3,1,4,0.00506329113924051
1452,389,4,1,5,0.00632911392405063
1454,389,4,2,6,0.00759493670886076
1457,389,3,1,4,0.00506970849176172
1460,389,3,1,4,0.00506970849176172
1462,389,3,1,4,0.00506970849176172
1465,389,3,1,4,0.00506970849176172
1467,389,4,1,5,0.00633713561470215
1468,389,4,1,5,0.00633713561470215
1469,389,4,2,6,0.00760456273764259
1470,389,6,4,10,0.0126742712294043
1471,389,3,1,4,0.00506970849176172
1472,389,4,2,6,0.00760456273764259
1473,389,3,1,4,0.00506970849176172
1474,389,4,2,6,0.00760456273764259
1477,389,3,1,4,0.00506970849176172
1478,389,5,3,8,0.0101522842639594
1479,389,3,1,4,0.0050761421319797
1481,389,6,4,10,0.0126903553299492
1482,389,3,1,4,0.0050761421319797
1483,389,3,1,4,0.0050761421319797
1484,389,3,1,4,0.0050761421319797
1486,389,3,1,4,0.0050761421319797
1488,389,4,2,6,0.00761421319796954
1490,389,9,4,13,0.016497461928934
1491,389,4,1,5,0.00634517766497462
1492,389,3,1,4,0.0050761421319797
1493,389,3,1,4,0.0050761421319797
1494,389,3,1,4,0.0050761421319797
1495,389,7,5,12,0.0152284263959391
1496,389,4,2,6,0.00761421319796954
1497,389,3,1,4,0.0050761421319797
1498,389,2,1,3,0.00380710659898477
1499,389,3,1,4,0.0050761421319797
1502,389,5,2,7,0.00888324873096447
1503,389,5,2,7,0.00888324873096447
1505,389,3,1,4,0.0050761421319797
1507,389,3,1,4,0.00508259212198221
1508,389,5,2,7,0.00889453621346887
1519,389,3,1,4,0.00508259212198221
1520,389,3,1,4,0.00508259212198221
1521,389,3,1,4,0.00508259212198221
1522,389,3,1,4,0.00508259212198221
1523,389,3,1,4,0.00508259212198221
1524,389,3,1,4,0.00508259212198221
1525,389,3,1,4,0.00508259212198221
1527,389,4,2,6,0.00762388818297332
1528,389,3,1,4,0.00508259212198221
1530,389,3,1,4,0.00508259212198221
1531,389,3,1,4,0.00508259212198221
1532,389,3,1,4,0.00508259212198221
1533,389,4,2,6,0.00762388818297332
1535,389,3,1,4,0.00508905852417303
1536,389,14,12,26,0.0330788804071247
1537,389,3,1,4,0.00508905852417303
1538,389,3,1,4,0.00508905852417303
1539,389,3,1,4,0.00508905852417303
1541,389,3,1,4,0.00508905852417303
1542,389,3,1,4,0.00508905852417303
1546,389,14,8,22,0.0279898218829517
1547,389,5,2,7,0.0089058524173028
1548,389,4,1,5,0.00636132315521628
1549,389,4,1,5,0.00636132315521628
1550,389,4,1,5,0.00636132315521628
1551,389,5,2,7,0.0089171974522293
1554,389,9,7,16,0.0203821656050955
1555,389,3,1,4,0.00509554140127389
1557,389,11,7,18,0.0229299363057325
1558,389,3,1,4,0.00509554140127389
1559,389,3,1,4,0.00509554140127389
1560,389,3,1,4,0.00509554140127389
1561,389,3,1,4,0.00509554140127389
1562,389,3,1,4,0.00509554140127389
1564,389,3,1,4,0.00509554140127389
1565,389,3,1,4,0.00510204081632653
1566,389,3,1,4,0.00510204081632653
1567,389,3,1,4,0.00510204081632653
1568,389,3,1,4,0.00510204081632653
1569,389,4,2,6,0.0076530612244898
1571,389,6,4,10,0.0127551020408163
1572,389,6,4,10,0.0127551020408163
1573,389,3,1,4,0.00510855683269476
1574,389,3,1,4,0.00510855683269476
1575,389,23,21,44,0.0561941251596424
1576,389,3,1,4,0.00510855683269476
1577,389,3,1,4,0.00510855683269476
1578,389,3,1,4,0.00510855683269476
1579,389,3,1,4,0.00510855683269476
1583,389,39,35,74,0.0945083014048531
1584,389,8,4,12,0.0153256704980843
1590,389,5,2,7,0.00895140664961637
1592,389,6,2,8,0.010230179028133
1593,389,9,3,12,0.0153452685421995
1594,389,4,1,5,0.00639386189258312
1596,389,11,5,16,0.020460358056266
1597,389,6,3,9,0.0115089514066496
1598,389,6,2,8,0.010230179028133
1599,389,5,1,6,0.00768245838668374
1600,389,5,1,6,0.00768245838668374
1601,389,5,1,6,0.00768245838668374
1602,389,5,1,6,0.00768245838668374
1603,389,3,1,4,0.00512163892445583
1604,389,9,6,15,0.0192061459667093
1605,389,3,1,4,0.00512163892445583
1608,389,3,1,4,0.00512163892445583
1609,389,3,1,4,0.00512163892445583
1610,389,3,1,4,0.00512163892445583
1611,389,3,1,4,0.00512163892445583
1613,389,4,2,6,0.00768245838668374
1615,389,3,1,4,0.00512820512820513
1616,389,9,7,16,0.0205128205128205
1617,389,3,1,4,0.00512820512820513
1618,389,3,1,4,0.00512820512820513
1620,389,3,1,4,0.00512820512820513
1621,389,3,1,4,0.00512820512820513
1623,389,3,1,4,0.00512820512820513
1627,389,6,2,8,0.0102564102564103
1628,389,3,1,4,0.00512820512820513
1629,389,4,1,5,0.00641025641025641
1630,389,3,1,4,0.00512820512820513
1631,389,6,4,10,0.0128205128205128
1632,389,5,3,8,0.0102564102564103
1633,389,6,2,8,0.0102564102564103
1634,389,6,3,9,0.0115384615384615
1635,389,3,1,4,0.00512820512820513
1636,389,5,3,8,0.0102564102564103
1638,389,3,1,4,0.00513478818998716
1639,389,5,2,7,0.00898587933247754
1640,389,3,1,4,0.00513478818998716
1641,389,3,1,4,0.00513478818998716
1643,389,3,1,4,0.00513478818998716
1644,389,3,1,4,0.00513478818998716
1645,389,4,2,6,0.0077120822622108
1646,389,3,1,4,0.0051413881748072
1647,389,3,1,4,0.0051413881748072
1648,389,3,1,4,0.0051413881748072
1649,389,9,4,13,0.0167095115681234
1651,389,5,1,6,0.0077120822622108
1652,389,8,3,11,0.0141388174807198
1654,389,10,2,12,0.0154241645244216
1657,389,4,1,5,0.006426735218509
1658,389,17,11,28,0.0359897172236504
1660,389,3,1,4,0.0051413881748072
1661,389,8,2,10,0.0128700128700129
1662,389,5,1,6,0.00772200772200772
1663,389,6,2,8,0.0102960102960103
1664,389,4,1,5,0.00643500643500643
1665,389,5,1,6,0.00772200772200772
1666,389,5,1,6,0.00772200772200772
1670,389,4,1,5,0.00644329896907216
1672,389,4,1,5,0.00644329896907216
1678,389,4,1,5,0.00645161290322581
1679,389,5,2,7,0.00903225806451613
1680,389,4,1,5,0.00645161290322581
1683,389,4,1,5,0.00645161290322581
1687,389,5,2,7,0.00903225806451613
1689,389,4,1,5,0.00645994832041344
1691,389,4,1,5,0.00645994832041344
1695,389,4,1,5,0.00646830530401035
1698,389,7,3,10,0.0129366106080207
1704,389,5,1,6,0.00776196636481242
1708,389,15,8,23,0.0297927461139896
1710,389,4,1,5,0.00647668393782383
1711,10,357,11,368,0.476683937823834
1712,389,4,1,5,0.00647668393782383
1713,389,4,1,5,0.00647668393782383
1714,389,6,2,8,0.0103626943005181
1715,389,4,1,5,0.00647668393782383
1718,389,6,2,8,0.0103626943005181
1719,389,4,1,5,0.00647668393782383
1721,389,4,1,5,0.00648508430609598
1726,389,5,1,6,0.00778210116731518
1727,389,5,2,7,0.00907911802853437
1730,389,4,1,5,0.00648508430609598
1732,389,3,1,4,0.00518806744487678
1733,389,5,2,7,0.00907911802853437
1734,389,5,1,6,0.00778210116731518
1735,389,5,1,6,0.00779220779220779
1738,389,4,1,5,0.00649350649350649
1739,389,5,1,6,0.00779220779220779
1742,389,6,2,8,0.0103896103896104
1744,389,6,2,8,0.0103896103896104
1746,389,4,1,5,0.00649350649350649
1747,389,4,1,5,0.00650195058517555
1749,389,4,1,5,0.00650195058517555
1751,389,4,1,5,0.00650195058517555
1752,67,83,4,87,0.113133940182055
1753,389,4,1,5,0.00650195058517555
1758,389,5,2,7,0.00911458333333333
1759,389,4,1,5,0.00651041666666667
1760,389,4,1,5,0.00651041666666667
1761,389,4,1,5,0.00651041666666667
1762,389,5,2,7,0.00911458333333333
1763,389,4,1,5,0.00651041666666667
1765,389,11,5,16,0.0208604954367666
1768,389,6,3,9,0.0117340286831812
1769,389,5,1,6,0.00782268578878748
1770,389,4,1,5,0.00651890482398957
1779,389,4,1,5,0.00652741514360313
1780,389,4,1,5,0.00652741514360313
1784,389,6,1,7,0.00915032679738562
1785,389,10,3,13,0.0169934640522876
1786,389,4,1,5,0.0065359477124183
1788,389,3,1,4,0.00522875816993464
1789,389,3,1,4,0.00522875816993464
1790,389,8,6,14,0.0183006535947712
1791,389,3,1,4,0.00522875816993464
1792,389,4,1,5,0.0065359477124183
1793,389,53,43,96,0.125490196078431
1794,389,3,1,4,0.00522875816993464
1796,389,6,1,7,0.00916230366492147
1799,389,5,1,6,0.00785340314136126
1800,389,20,9,29,0.0379581151832461
1802,389,5,1,6,0.00785340314136126
1803,389,5,1,6,0.00785340314136126
1806,389,5,1,6,0.00786369593709043
1807,389,6,1,7,0.00917431192660551
1808,389,4,1,5,0.00655307994757536
1809,389,8,3,11,0.0144167758846658
1812,389,3,1,4,0.00524246395806029
1813,389,3,1,4,0.005249343832021
1814,389,16,12,28,0.036745406824147
1820,389,4,1,5,0.00656167979002625
1821,389,5,2,7,0.00918635170603675
1822,389,4,1,5,0.00656167979002625
1824,389,6,2,8,0.0105124835742444
1826,389,4,1,5,0.00657030223390276
1827,389,5,1,6,0.00788436268068331
1828,389,24,14,38,0.049934296977661
1829,389,5,1,6,0.00788436268068331
1830,10,355,18,373,0.490144546649146
1831,389,4,1,5,0.00657894736842105
1836,389,3,1,4,0.00527009222661397
1839,389,6,1,7,0.00922266139657444
1840,389,13,7,20,0.0263852242744063
1841,389,5,1,6,0.0079155672823219
1842,389,5,1,6,0.0079155672823219
1843,389,5,1,6,0.0079155672823219
1846,389,7,1,8,0.0105680317040951
1848,389,7,2,9,0.011889035667107
1849,389,4,1,5,0.00660501981505945
1850,389,8,5,13,0.0171730515191546
1851,389,5,2,7,0.00924702774108322
1852,389,4,1,5,0.00660501981505945
1853,389,4,1,5,0.00660501981505945
1856,389,8,2,10,0.0132100396301189
1857,389,4,1,5,0.00660501981505945
1861,389,4,1,5,0.00661375661375661
1862,389,63,44,107,0.141534391534392
1863,389,4,1,5,0.00661375661375661
1864,389,4,1,5,0.00661375661375661
1865,389,4,1,5,0.00661375661375661
1866,389,6,1,7,0.00925925925925926
1868,389,5,1,6,0.00793650793650794
1872,389,4,1,5,0.00662251655629139
1876,389,4,1,5,0.00662251655629139
1877,389,4,1,5,0.00662251655629139
1878,389,18,12,30,0.0397877984084881
1882,389,4,1,5,0.00664010624169987
1885,389,4,1,5,0.00664010624169987
1886,389,5,2,7,0.00929614873837981
1887,389,4,1,5,0.00664010624169987
1892,389,4,1,5,0.00664893617021277
1893,389,5,2,7,0.00930851063829787
1895,389,8,4,12,0.0159786950732357
1896,389,4,1,5,0.0066577896138482
1897,389,5,1,6,0.00798934753661784
1898,389,5,1,6,0.00798934753661784
1899,389,4,1,5,0.0066577896138482
1901,389,4,1,5,0.0066577896138482
1903,389,4,1,5,0.0066577896138482
1905,389,4,1,5,0.0066577896138482
1906,389,4,1,5,0.0066577896138482
1907,389,4,1,5,0.0066577896138482
1909,389,4,1,5,0.0066577896138482
1910,389,7,2,9,0.012
1911,389,4,1,5,0.00666666666666667
1912,67,90,7,97,0.129333333333333
1914,389,5,1,6,0.008
1916,389,6,2,8,0.0106666666666667
1918,389,4,1,5,0.00666666666666667
1919,389,4,1,5,0.00666666666666667
1920,389,3,1,4,0.00533333333333333
1921,389,3,1,4,0.00533333333333333
1922,389,4,2,6,0.00801068090787717
1924,389,3,1,4,0.00534045393858478
1926,389,3,1,4,0.00534045393858478
1927,389,3,1,4,0.00534045393858478
1930,389,4,2,6,0.00801068090787717
1931,389,3,1,4,0.00534045393858478
1932,389,3,1,4,0.00534045393858478
1933,389,4,2,6,0.00801068090787717
1934,389,3,1,4,0.00534045393858478
1936,389,3,1,4,0.00534045393858478
1937,389,4,2,6,0.00801068090787717
1938,389,3,1,4,0.00534045393858478
1939,389,3,1,4,0.0053475935828877
1940,389,3,1,4,0.0053475935828877
1941,389,3,1,4,0.0053475935828877
1942,389,3,1,4,0.0053475935828877
1943,389,3,1,4,0.0053475935828877
1944,389,8,6,14,0.018716577540107
1945,389,5,1,6,0.00802139037433155
1946,389,7,1,8,0.0106951871657754
1949,389,6,2,8,0.0106951871657754
1950,389,6,2,8,0.0106951871657754
1952,389,5,1,6,0.00803212851405622
1953,389,5,1,6,0.00803212851405622
1955,389,4,1,5,0.00669344042838019
1957,389,5,1,6,0.00803212851405622
1959,389,5,1,6,0.00803212851405622
1960,389,7,2,9,0.0120643431635389
1961,389,5,1,6,0.00804289544235925
1963,389,8,4,12,0.0160857908847185
1964,389,5,1,6,0.00805369127516779
1966,389,4,1,5,0.00671140939597315
1969,389,5,1,6,0.00806451612903226
1972,389,14,5,19,0.0255376344086022
1974,389,18,6,24,0.032258064516129
1975,389,11,3,14,0.0188172043010753
1977,389,6,1,7,0.00940860215053763
1978,389,5,1,6,0.00806451612903226
1979,389,7,1,8,0.010752688172043
1980,389,6,1,7,0.00940860215053763
1984,389,7,1,8,0.0107671601615074
1987,389,8,1,9,0.0121130551816958
1988,389,11,3,14,0.018842530282638
1989,389,14,6,20,0.0269179004037685
1991,389,7,1,8,0.0107671601615074
1995,389,5,1,6,0.00808625336927224
1996,389,6,3,9,0.0121293800539084
1997,389,3,1,4,0.00539083557951483
1998,389,10,4,14,0.0188679245283019
1999,389,4,1,5,0.00673854447439353
2000,389,4,1,5,0.00673854447439353
2001,389,3,1,4,0.00539083557951483
2003,389,3,1,4,0.00539083557951483
2004,389,3,1,4,0.00539083557951483
2005,389,3,1,4,0.00539811066126856
2007,389,3,1,4,0.00539811066126856
2008,389,3,1,4,0.00539811066126856
2009,389,4,1,5,0.0067476383265857
2013,389,5,1,6,0.00810810810810811
2017,389,7,2,9,0.0121621621621622
2018,389,8,3,11,0.0148648648648649
2025,389,5,1,6,0.00813008130081301
2027,389,5,1,6,0.00813008130081301
2028,389,3,1,4,0.00542005420054201
2032,389,3,1,4,0.00542005420054201
2033,389,15,8,23,0.0311653116531165
2034,389,5,1,6,0.00814111261872456
2035,389,3,1,4,0.00542740841248304
2037,389,8,4,12,0.0162822252374491
2039,389,10,4,14,0.0189959294436906
2041,389,3,1,4,0.00542740841248304
2042,389,5,1,6,0.00814111261872456
2047,389,3,1,4,0.00543478260869565
2049,389,6,2,8,0.0108695652173913
2051,389,4,2,6,0.00815217391304348
2052,389,22,12,34,0.046195652173913
2054,389,5,1,6,0.00815217391304348
2056,389,5,1,6,0.00815217391304348
2057,389,5,1,6,0.00815217391304348
2058,389,6,1,7,0.00951086956521739
2059,389,4,1,5,0.00679347826086957
2061,11,376,151,527,0.717006802721088
2064,67,176,70,246,0.33469387755102
2065,389,4,2,6,0.00816326530612245
2066,389,3,1,4,0.0054421768707483
2067,389,19,7,26,0.0353741496598639
2068,389,5,2,7,0.00952380952380952
2069,389,15,8,23,0.0313351498637602
2070,389,5,1,6,0.00817438692098093
2072,389,5,2,7,0.00953678474114441
2074,389,5,1,6,0.00817438692098093
2076,389,3,1,4,0.00545702592087312
2078,389,3,1,4,0.00545702592087312
2080,389,10,5,15,0.0204918032786885
2082,389,5,1,6,0.00819672131147541
2088,389,5,1,6,0.00819672131147541
2090,389,5,1,6,0.00820793433652531
2091,389,11,3,14,0.0191518467852257
2093,389,3,1,4,0.00547195622435021
2094,389,3,1,4,0.00547195622435021
2095,389,8,2,10,0.0136798905608755
2096,389,5,1,6,0.00820793433652531
2097,389,3,1,4,0.00547195622435021
2098,389,3,1,4,0.00547195622435021
2105,389,3,1,4,0.00547945205479452
2106,389,5,1,6,0.00821917808219178
2107,389,4,1,5,0.00684931506849315
2110,389,4,1,5,0.00684931506849315
2111,389,3,1,4,0.00547945205479452
2113,389,4,1,5,0.00685871056241427
2114,389,4,2,6,0.00823045267489712
2116,389,3,1,4,0.00548696844993141
2119,389,3,1,4,0.00549450549450549
2120,389,38,27,65,0.0892857142857143
2122,389,4,1,5,0.00686813186813187
2125,389,3,1,4,0.00549450549450549
2126,389,3,1,4,0.00549450549450549
2128,389,5,2,7,0.00961538461538462
2130,389,3,1,4,0.00549450549450549
2133,389,6,2,8,0.0110041265474553
2134,389,4,1,5,0.00687757909215956
2135,389,6,3,9,0.0123796423658872
2136,389,4,1,5,0.00687757909215956
2137,389,5,2,7,0.00962861072902338
2139,389,8,5,13,0.0179063360881543
2140,389,4,1,5,0.0068870523415978
2141,67,132,39,171,0.235537190082645
2142,389,5,2,7,0.00964187327823691
2145,389,3,1,4,0.00550964187327824
2147,389,4,1,5,0.00689655172413793
2148,11,379,85,464,0.64
2149,389,3,1,4,0.00551724137931034
2150,389,4,1,5,0.00689655172413793
2152,389,19,10,29,0.04
2154,389,5,1,6,0.00827586206896552
2155,389,7,3,10,0.0138121546961326
2156,389,4,1,5,0.0069060773480663
2157,389,4,1,5,0.0069060773480663
2158,389,4,1,5,0.00691562932226833
2161,389,4,1,5,0.00691562932226833
2162,389,4,1,5,0.00691562932226833
2166,389,8,4,12,0.016597510373444
2167,389,10,5,15,0.020746887966805
2171,389,3,1,4,0.00554016620498615
2173,389,3,1,4,0.00554016620498615
2175,389,3,1,4,0.00554016620498615
2176,389,4,1,5,0.00692520775623269
2177,389,3,1,4,0.00554016620498615
2178,389,6,2,8,0.0110803324099723
2180,389,5,2,7,0.00970873786407767
2182,389,3,1,4,0.00554785020804438
2184,389,4,1,5,0.00693481276005548
2185,389,6,3,9,0.0124826629680999
2186,389,9,5,14,0.0194174757281553
2189,389,3,1,4,0.00554785020804438
2190,389,4,1,5,0.00693481276005548
2191,389,4,1,5,0.00693481276005548
2194,389,7,3,10,0.013869625520111
2195,389,5,2,7,0.00972222222222222
2198,389,3,1,4,0.00555555555555556
2199,389,5,1,6,0.00833333333333333
2200,389,13,6,19,0.0263888888888889
2201,389,4,2,6,0.00833333333333333
2202,389,5,2,7,0.00973574408901252
2204,389,5,3,8,0.0111265646731572
2205,389,4,1,5,0.00695410292072323
2206,389,4,1,5,0.00695410292072323
2208,389,4,1,5,0.00695410292072323
2209,389,9,5,14,0.019471488178025
2210,389,5,1,6,0.00834492350486787
2213,389,3,1,4,0.00557880055788006
2216,389,3,1,4,0.00557880055788006
2218,389,4,2,6,0.00836820083682008
2220,389,6,3,9,0.0125698324022346
2221,389,3,1,4,0.00558659217877095
2222,389,5,2,7,0.00977653631284916
2225,389,3,1,4,0.00558659217877095
2226,389,3,1,4,0.00558659217877095
2227,389,8,4,12,0.0167597765363128
2228,389,3,1,4,0.00558659217877095
2229,389,3,1,4,0.00558659217877095
2230,389,5,2,7,0.00977653631284916
2231,389,3,1,4,0.00558659217877095
2233,389,3,1,4,0.00559440559440559
2236,389,3,1,4,0.00559440559440559
2237,389,3,1,4,0.00559440559440559
2238,389,4,2,6,0.00839160839160839
2239,389,3,1,4,0.00559440559440559
2240,389,11,5,16,0.0223776223776224
2241,389,4,1,5,0.00700280112044818
2243,389,4,1,5,0.00700280112044818
2245,389,4,1,5,0.00700280112044818
2246,389,5,1,6,0.00840336134453781
2250,389,5,2,7,0.00980392156862745
2251,389,3,1,4,0.00560224089635854
2253,389,3,1,4,0.00560224089635854
2254,389,3,1,4,0.00560224089635854
2255,389,12,7,19,0.0266479663394109
2258,389,5,2,7,0.00981767180925666
2259,389,5,3,8,0.0112201963534362
2260,389,21,14,35,0.0490883590462833
2261,389,3,1,4,0.00561009817671809
2263,389,4,1,5,0.00701262272089762
2265,389,3,1,4,0.00561009817671809
2266,389,3,1,4,0.00561009817671809
2267,389,3,1,4,0.00561009817671809
2268,389,3,1,4,0.00561009817671809
2270,389,4,1,5,0.00702247191011236
2272,389,7,4,11,0.0154494382022472
2274,389,3,1,4,0.00561797752808989
2276,389,14,10,24,0.0337078651685393
2278,389,3,1,4,0.00561797752808989
2281,389,7,5,12,0.0168539325842697
2283,389,5,2,7,0.0098314606741573
2284,389,3,1,4,0.00562587904360056
2285,389,7,4,11,0.0154711673699015
2286,389,3,1,4,0.00562587904360056
2288,389,4,1,5,0.0070323488045007
2290,389,3,1,4,0.00562587904360056
2291,389,8,5,13,0.0182841068917018
2292,389,9,4,13,0.0182841068917018
2293,389,3,1,4,0.00562587904360056
2294,389,4,1,5,0.0070323488045007
2297,389,3,1,4,0.00562587904360056
2298,389,6,2,8,0.0112517580872011
2300,389,4,2,6,0.00843881856540084
2301,389,4,2,6,0.00845070422535211
2302,389,4,1,5,0.00704225352112676
2303,389,4,1,5,0.00704225352112676
2305,389,7,3,10,0.0140845070422535
2306,389,3,1,4,0.00563380281690141
2307,389,5,2,7,0.00985915492957747
2309,389,14,9,23,0.0323943661971831
2311,389,3,1,4,0.00563380281690141
2312,389,3,1,4,0.00563380281690141
2313,389,3,1,4,0.00563380281690141
2314,389,3,1,4,0.00563380281690141
2316,389,3,1,4,0.00563380281690141
2318,389,3,1,4,0.00564174894217207
2319,389,3,1,4,0.00564174894217207
2321,389,3,1,4,0.00564174894217207
2322,389,3,1,4,0.00564174894217207
2323,389,6,2,8,0.0112834978843441
2326,389,3,1,4,0.00564971751412429
2327,389,6,3,9,0.0127118644067797
2328,389,5,1,6,0.00847457627118644
2331,389,14,7,21,0.0296610169491525
2332,389,6,3,9,0.0127118644067797
2334,389,5,2,7,0.00988700564971751
2335,389,17,10,27,0.038135593220339
2336,389,3,1,4,0.00564971751412429
2339,389,3,1,4,0.00565770862800566
2340,389,3,1,4,0.00565770862800566
2342,389,4,1,5,0.00707213578500707
2345,389,5,2,7,0.0099009900990099
2346,389,3,1,4,0.00565770862800566
2350,389,3,1,4,0.0056657223796034
2351,389,9,4,13,0.018413597733711
2353,389,3,1,4,0.0056657223796034
2357,389,4,2,6,0.00851063829787234
2359,389,6,3,9,0.0127659574468085
2360,389,3,1,4,0.00567375886524823
2361,389,3,1,4,0.00567375886524823
2362,389,6,2,8,0.0113475177304965
2363,389,6,3,9,0.0127659574468085
2364,389,4,1,5,0.00709219858156028
2366,389,3,1,4,0.00568181818181818
2367,389,4,2,6,0.00852272727272727
2368,389,4,2,6,0.00852272727272727
2369,389,4,2,6,0.00852272727272727
2370,389,5,2,7,0.00994318181818182
2372,389,8,3,11,0.015625
2373,389,5,2,7,0.00994318181818182
2374,389,3,1,4,0.00568990042674253
2375,389,6,4,10,0.0142247510668563
2388,11,258,68,326,0.463726884779516
2393,12,80,26,106,0.150782361308677
2394,389,7,3,10,0.0142247510668563
2396,389,8,5,13,0.0184921763869132
2397,389,3,1,4,0.00568990042674253
2402,67,93,14,107,0.152204836415363
2403,389,3,1,4,0.00568990042674253
2404,389,3,1,4,0.00568990042674253
2405,389,3,1,4,0.00568990042674253
2406,389,3,1,4,0.00568990042674253
2407,389,2,0,2,0.0046189376443418
2408,389,2,0,2,0.0046189376443418
2409,389,2,0,2,0.0046189376443418
2410,389,2,0,2,0.0046189376443418
2411,389,3,1,4,0.0056980056980057
2413,389,24,14,38,0.0541310541310541
2418,389,3,1,4,0.0056980056980057
2423,389,5,2,7,0.00997150997150997
2424,389,7,3,10,0.0142450142450142
2425,389,3,1,4,0.0056980056980057
2429,389,4,1,5,0.00713266761768902
2432,389,20,17,37,0.0527817403708987
2433,389,3,1,4,0.00570613409415121
2434,389,3,1,4,0.00570613409415121
2437,389,5,2,7,0.00998573466476462
2439,389,3,1,4,0.00570613409415121
2440,389,5,2,7,0.00998573466476462
2442,389,5,2,7,0.01
2443,389,26,18,44,0.0628571428571429
2444,389,3,1,4,0.00571428571428571
2445,389,3,1,4,0.00571428571428571
2448,389,3,1,4,0.00571428571428571
2450,389,3,1,4,0.00571428571428571
2451,389,4,1,5,0.00714285714285714
2452,389,3,1,4,0.00571428571428571
2453,389,3,1,4,0.00572246065808298
2456,389,5,3,8,0.011444921316166
2459,389,3,1,4,0.00572246065808298
2461,389,3,1,4,0.00573065902578797
2462,389,6,3,9,0.0128939828080229
2474,389,3,1,4,0.00573065902578797
2475,389,3,1,4,0.00573065902578797
2476,389,24,14,38,0.0544412607449857
2481,389,3,1,4,0.00573065902578797
2482,389,3,1,4,0.00573065902578797
2483,389,3,1,4,0.00573065902578797
2492,11,359,116,475,0.681492109038737
2504,11,232,46,278,0.398852223816356
2510,389,3,1,4,0.00573888091822095
2514,389,3,1,4,0.00573888091822095
2515,389,4,1,5,0.00717360114777618
2516,389,3,1,4,0.00573888091822095
2517,389,5,3,8,0.0114777618364419
2519,389,16,8,24,0.0344827586206897
2521,389,3,1,4,0.00574712643678161
2523,389,7,4,11,0.0158045977011494
2525,389,6,3,9,0.0129310344827586
2526,389,8,6,14,0.0201438848920863
2527,389,4,1,5,0.00719424460431655
2528,389,4,1,5,0.00719424460431655
2529,389,4,1,5,0.00719424460431655
2530,389,6,2,8,0.0115107913669065
2534,389,3,1,4,0.00576368876080692
2539,389,4,1,5,0.00720461095100865
2540,389,3,1,4,0.00576368876080692
2543,389,3,1,4,0.00576368876080692
2546,389,14,10,24,0.0346320346320346
2547,389,6,3,9,0.012987012987013
2548,389,4,1,5,0.00721500721500722
2550,389,14,12,26,0.0375180375180375
2551,389,16,8,24,0.0346320346320346
2553,389,5,2,7,0.0101010101010101
2556,389,4,1,5,0.00721500721500722
2557,389,4,1,5,0.00722543352601156
2559,389,4,1,5,0.00722543352601156
2560,389,8,3,11,0.0158959537572254
2562,389,4,1,5,0.00722543352601156
2563,389,4,1,5,0.00722543352601156
2564,389,4,1,5,0.00722543352601156
2565,389,5,2,7,0.0101156069364162
2566,389,6,3,9,0.0130057803468208
2567,389,6,2,8,0.0115606936416185
2568,389,4,1,5,0.00722543352601156
2570,389,4,1,5,0.00723589001447178
2571,389,14,7,21,0.0303907380607815
2572,389,4,1,5,0.00723589001447178
2574,389,3,1,4,0.00578871201157742
2575,389,54,43,97,0.140376266280753
2576,389,10,5,15,0.0217076700434153
2577,389,4,1,5,0.00723589001447178
2578,389,4,1,5,0.00723589001447178
2579,389,3,1,4,0.00578871201157742
2580,389,5,3,8,0.0115774240231548
2581,389,5,2,7,0.0101302460202605
2584,389,3,1,4,0.00578871201157742
2586,389,4,2,6,0.00869565217391304
2588,389,3,1,4,0.00579710144927536
2589,389,3,1,4,0.00579710144927536
2591,67,96,12,108,0.156521739130435
2596,389,3,1,4,0.0058055152394775
2598,389,3,1,4,0.0058055152394775
2599,389,10,5,15,0.0217706821480406
2600,389,3,1,4,0.0058055152394775
2601,389,3,1,4,0.0058055152394775
2602,389,3,1,4,0.0058055152394775
2603,389,3,1,4,0.0058055152394775
2606,389,3,1,4,0.0058055152394775
2607,389,3,1,4,0.0058055152394775
2608,389,4,1,5,0.00725689404934688
2609,389,4,1,5,0.00726744186046512
2611,389,5,2,7,0.0101744186046512
2612,389,3,1,4,0.00581395348837209
2613,389,8,3,11,0.0159883720930233
2615,389,4,1,5,0.00726744186046512
2616,389,4,1,5,0.00727802037845706
2617,389,8,4,12,0.0174672489082969
2618,389,4,1,5,0.00727802037845706
2619,389,4,1,5,0.00727802037845706
2620,389,4,1,5,0.00727802037845706
2622,389,7,3,10,0.0145560407569141
2624,389,4,1,5,0.00727802037845706
2626,389,4,1,5,0.00728862973760933
2628,389,4,1,5,0.00728862973760933
2630,389,5,1,6,0.0087463556851312
2632,389,5,1,6,0.0087463556851312
2633,389,14,6,20,0.0291545189504373
2634,389,5,1,6,0.00875912408759124
2635,389,9,3,12,0.0175182481751825
2637,389,5,1,6,0.00875912408759124
2638,389,15,6,21,0.0306569343065693
2639,389,5,1,6,0.00875912408759124
2641,389,11,4,15,0.0218978102189781
2642,389,25,11,36,0.0525547445255474
2643,389,4,1,5,0.0072992700729927
2646,389,4,1,5,0.0072992700729927
2647,389,4,1,5,0.0072992700729927
2648,389,4,1,5,0.0072992700729927
2651,11,1033,428,1461,2.13284671532847
2659,11,344,188,532,0.776642335766423
2660,389,4,1,5,0.0072992700729927
2661,389,16,7,23,0.0335766423357664
2663,389,4,1,5,0.0072992700729927
2664,389,5,1,6,0.00875912408759124
2665,389,5,1,6,0.00875912408759124
2667,389,5,1,6,0.0087719298245614
2668,389,6,2,8,0.0116959064327485
2670,389,16,7,23,0.033625730994152
2671,389,4,1,5,0.00730994152046784
2672,389,4,1,5,0.00730994152046784
2673,389,4,1,5,0.00730994152046784
2677,389,8,3,11,0.0161054172767204
2678,389,6,2,8,0.0117130307467057
2679,389,14,6,20,0.0292825768667643
2680,389,6,2,8,0.0117130307467057
2681,389,6,2,8,0.0117130307467057
2682,389,4,1,5,0.00732064421669107
2683,389,4,1,5,0.00732064421669107
2684,389,18,8,26,0.0380673499267936
2685,389,4,1,5,0.00732064421669107
2686,389,12,5,17,0.0248901903367496
2688,389,4,1,5,0.00732064421669107
2691,389,48,29,77,0.112903225806452
2692,389,4,1,5,0.00733137829912024
2693,389,4,1,5,0.00733137829912024
2694,389,6,2,8,0.0117302052785924
2695,389,3,1,4,0.00586510263929619
2697,389,5,2,7,0.0102639296187683
2699,389,6,2,8,0.0117302052785924
2700,389,4,1,5,0.00733137829912024
2703,67,109,22,131,0.192364170337739
2704,389,12,5,17,0.0249632892804699
2705,389,4,1,5,0.00734214390602056
2706,389,11,6,17,0.0249632892804699
2708,389,4,1,5,0.00734214390602056
2710,67,88,5,93,0.136563876651982
2711,389,8,3,11,0.0161527165932452
2712,389,5,2,7,0.0102790014684288
2716,389,9,4,13,0.0191176470588235
2717,389,4,1,5,0.00735294117647059
2718,389,4,1,5,0.00735294117647059
2719,389,4,1,5,0.00735294117647059
2720,389,5,1,6,0.00882352941176471
2721,389,5,1,6,0.00882352941176471
2722,389,5,1,6,0.00882352941176471
2723,389,7,2,9,0.0132352941176471
2726,389,7,2,9,0.0132352941176471
2728,389,5,1,6,0.00882352941176471
2729,389,5,1,6,0.00882352941176471
2731,389,4,1,5,0.00735294117647059
2732,389,5,1,6,0.00883652430044183
2733,389,5,1,6,0.00883652430044183
2734,389,5,1,6,0.00883652430044183
2737,389,6,1,7,0.0103092783505155
2739,389,5,1,6,0.00883652430044183
2740,389,4,1,5,0.00736377025036819
2741,389,4,1,5,0.00736377025036819
2742,389,4,1,5,0.00736377025036819
2743,389,8,3,11,0.01620029455081
2745,389,9,6,15,0.0220913107511046
2747,389,5,2,7,0.0103092783505155
2748,389,4,1,5,0.00736377025036819
2750,389,4,1,5,0.00737463126843658
2752,389,4,1,5,0.00737463126843658
2754,389,4,1,5,0.00737463126843658
2755,389,4,1,5,0.00737463126843658
2758,389,29,19,48,0.0707964601769911
2759,389,43,29,72,0.106194690265487
2760,389,4,1,5,0.00737463126843658
2761,389,3,1,4,0.00589970501474926
2762,389,4,1,5,0.00737463126843658
2763,389,12,8,20,0.0294985250737463
2767,389,8,4,12,0.017725258493353
2768,389,3,1,4,0.00590841949778434
2770,389,8,3,11,0.0162481536189069
2773,389,4,1,5,0.00739644970414201
2775,389,12,6,18,0.0266272189349112
2776,389,12,7,19,0.0281065088757396
2777,389,4,1,5,0.00739644970414201
2778,389,4,1,5,0.00739644970414201
2779,389,4,1,5,0.00739644970414201
2780,389,4,1,5,0.00739644970414201
2783,389,4,1,5,0.00740740740740741
2784,389,3,1,4,0.00592592592592593
2785,389,4,1,5,0.00740740740740741
2786,389,5,1,6,0.00888888888888889
2787,389,7,2,9,0.0133333333333333
2788,389,5,1,6,0.00888888888888889
2789,389,5,1,6,0.00888888888888889
2791,67,89,6,95,0.140740740740741
2792,389,5,1,6,0.00888888888888889
2793,389,5,1,6,0.00888888888888889
2794,389,5,1,6,0.00888888888888889
2795,389,9,5,14,0.0207407407407407
2797,389,5,1,6,0.00890207715133531
2798,389,5,1,6,0.00890207715133531
2799,389,5,1,6,0.00890207715133531
2800,389,5,1,6,0.00890207715133531
2803,389,7,2,9,0.013353115727003
2804,389,7,2,9,0.013353115727003
2805,389,7,2,9,0.013353115727003
2807,389,5,1,6,0.00890207715133531
2809,389,21,14,35,0.0519287833827893
2810,389,7,2,9,0.013353115727003
2812,67,91,8,99,0.147102526002972
2813,389,4,1,5,0.00742942050520059
2814,389,5,1,6,0.00891530460624071
2815,389,15,7,22,0.0326894502228826
2821,389,5,1,6,0.00891530460624071
2823,389,5,1,6,0.00891530460624071
2825,389,5,1,6,0.00892857142857143
2826,389,5,1,6,0.00892857142857143
2829,389,10,6,16,0.0238095238095238
2831,389,5,2,7,0.0104166666666667
2833,389,13,7,20,0.029806259314456
2834,389,8,3,11,0.0163934426229508
2835,389,6,2,8,0.0119225037257824
2836,389,4,1,5,0.00745156482861401
2837,389,12,6,18,0.0268256333830104
2838,389,4,1,5,0.00745156482861401
2839,389,12,5,17,0.0253353204172876
2840,389,4,1,5,0.00745156482861401
2841,389,7,3,10,0.0149253731343284
2843,389,4,1,5,0.00746268656716418
2844,389,4,1,5,0.00746268656716418
2845,389,4,1,5,0.00746268656716418
2848,389,4,1,5,0.00746268656716418
2849,389,8,3,11,0.0164179104477612
2850,389,4,1,5,0.00746268656716418
2851,389,4,1,5,0.00746268656716418
2852,389,8,4,12,0.017910447761194
2853,389,4,1,5,0.00747384155455904
2854,389,4,1,5,0.00747384155455904
2855,389,6,3,9,0.0134529147982063
2856,389,6,2,8,0.0119581464872945
2857,389,6,2,8,0.0119581464872945
2860,389,6,2,8,0.0119760479041916
2861,389,6,2,8,0.0119760479041916
2862,389,6,2,8,0.0119760479041916
2863,389,4,1,5,0.00748502994011976
2864,389,6,2,8,0.0119760479041916
2866,389,6,2,8,0.0119760479041916
2867,389,4,1,5,0.00749625187406297
2869,389,6,2,8,0.0119940029985007
2870,389,4,1,5,0.00750750750750751
2871,389,4,1,5,0.00750750750750751
2873,389,4,1,5,0.00750750750750751
2875,389,4,1,5,0.00750750750750751
2877,389,4,1,5,0.00750750750750751
2879,389,4,1,5,0.00750750750750751
2880,389,4,1,5,0.00750750750750751
2881,389,4,1,5,0.00750750750750751
2882,389,11,5,16,0.0240601503759399
2888,389,4,1,5,0.0075187969924812
2890,389,4,1,5,0.0075187969924812
2892,389,11,7,18,0.0270676691729323
2894,389,4,1,5,0.00753012048192771
2895,389,4,1,5,0.00753012048192771
2898,389,4,1,5,0.00753012048192771
2899,67,93,9,102,0.153614457831325
2900,389,4,1,5,0.00753012048192771
2901,389,7,4,11,0.016566265060241
2903,389,8,4,12,0.0180722891566265
2904,389,6,2,8,0.0120663650075415
2906,389,4,1,5,0.00754147812971342
2907,389,4,1,5,0.00754147812971342
2908,389,7,3,10,0.0150829562594268
2911,389,4,1,5,0.00754147812971342
2912,389,4,1,5,0.00754147812971342
2914,389,4,1,5,0.00754147812971342
2916,389,4,1,5,0.00755287009063444
2920,389,4,1,5,0.00755287009063444
2921,389,4,1,5,0.00755287009063444
2922,389,22,13,35,0.0528700906344411
2925,389,4,1,5,0.00755287009063444
2927,389,4,1,5,0.0075642965204236
2928,389,4,1,5,0.0075642965204236
2929,367,6,5,11,0.0166414523449319
2937,389,4,1,5,0.00757575757575758
2939,389,5,2,7,0.0106060606060606
2940,389,16,11,27,0.0409090909090909
2941,389,7,3,10,0.0151515151515152
2942,389,4,1,5,0.00757575757575758
2943,389,4,1,5,0.00757575757575758
2944,389,5,2,7,0.0106060606060606
2945,389,4,1,5,0.00757575757575758
2946,389,11,6,17,0.0257575757575758
2947,389,4,1,5,0.00758725341426404
2948,389,5,2,7,0.0106221547799697
2950,389,4,1,5,0.00758725341426404
2951,389,31,18,49,0.0743550834597876
2952,389,9,4,13,0.0197268588770865
2953,389,4,1,5,0.00758725341426404
2955,389,5,1,6,0.00910470409711684
2956,389,5,1,6,0.00910470409711684
2958,389,6,2,8,0.0121580547112462
2960,389,5,1,6,0.00911854103343465
2961,389,6,2,8,0.0121580547112462
2962,389,5,1,6,0.00911854103343465
2963,389,9,3,12,0.0182370820668693
2964,389,5,1,6,0.00911854103343465
2965,389,4,1,5,0.00759878419452888
2967,389,5,1,6,0.00911854103343465
2968,389,7,2,9,0.013677811550152
2971,389,5,1,6,0.0091324200913242
2975,389,5,1,6,0.0091324200913242
2976,389,5,1,6,0.0091324200913242
2979,389,5,1,6,0.0091324200913242
2980,389,5,1,6,0.0091324200913242
2981,389,9,3,12,0.0182648401826484
2982,389,5,1,6,0.0091324200913242
2985,389,22,11,33,0.0502283105022831
2986,389,5,1,6,0.0091324200913242
2987,389,5,1,6,0.0091324200913242
2988,389,5,1,6,0.0091324200913242
2990,389,12,7,19,0.0289193302891933
2992,389,5,1,6,0.00914634146341463
2993,389,5,1,6,0.00914634146341463
2994,389,9,3,12,0.0182926829268293
2997,389,16,8,24,0.0366412213740458
2998,389,12,6,18,0.0274809160305344
2999,389,5,1,6,0.00916030534351145
3000,389,5,1,6,0.00916030534351145
3004,389,7,2,9,0.0137404580152672
3006,389,7,2,9,0.0137614678899083
3007,389,5,1,6,0.00917431192660551
3009,389,5,1,6,0.00917431192660551
3010,389,5,1,6,0.00917431192660551
3012,389,7,2,9,0.0137614678899083
3013,389,5,1,6,0.00917431192660551
3014,389,6,1,7,0.0107033639143731
3015,389,5,1,6,0.00917431192660551
3016,389,5,1,6,0.00917431192660551
3017,389,7,2,9,0.0137614678899083
3018,389,5,1,6,0.00917431192660551
3019,389,19,9,28,0.0428790199081164
3021,389,5,1,6,0.00918836140888208
3023,389,8,3,11,0.0168453292496172
3025,389,5,1,6,0.00918836140888208
3026,389,5,1,6,0.00920245398773006
3027,389,5,1,6,0.00920245398773006
3032,389,5,2,7,0.0107361963190184
3033,389,5,1,6,0.00920245398773006
3034,389,10,5,15,0.0230414746543779
3036,389,7,3,10,0.0153609831029186
3039,389,5,1,6,0.00921658986175115
3040,389,5,1,6,0.00921658986175115
3041,389,10,4,14,0.0215384615384615
3047,389,5,1,6,0.00923076923076923
3048,389,5,1,6,0.00923076923076923
3050,389,7,3,10,0.0153846153846154
3051,389,5,1,6,0.00923076923076923
3053,389,5,1,6,0.00923076923076923
3056,389,10,4,14,0.0215716486902928
3057,389,5,1,6,0.00924499229583975
3061,389,5,1,6,0.00924499229583975
3062,389,7,2,9,0.0138674884437596
3063,67,140,45,185,0.285053929121726
3064,389,5,1,6,0.00924499229583975
3065,389,5,1,6,0.00925925925925926
3066,389,7,2,9,0.0138888888888889
3067,389,5,1,6,0.00925925925925926
3068,389,5,1,6,0.00925925925925926
3069,389,5,1,6,0.00925925925925926
3070,389,5,1,6,0.00925925925925926
3072,389,9,3,12,0.0185471406491499
3073,389,5,1,6,0.00927357032457496
3076,389,5,1,6,0.00927357032457496
3083,389,8,4,12,0.0185758513931889
3084,389,8,4,12,0.0185758513931889
3086,389,6,2,8,0.0123839009287926
3089,389,5,1,6,0.00928792569659443
3092,389,7,2,9,0.013953488372093
3093,389,5,2,7,0.0108527131782946
3095,389,5,1,6,0.00930232558139535
3097,389,5,1,6,0.00930232558139535
3099,389,5,1,6,0.00930232558139535
3100,389,20,16,36,0.0558139534883721
3101,389,7,2,9,0.013953488372093
3108,389,9,4,13,0.0201863354037267
3109,389,5,1,6,0.0093167701863354
3110,389,34,22,56,0.0869565217391304
3111,389,5,1,6,0.0093167701863354
3113,389,5,1,6,0.0093167701863354
3114,389,7,2,9,0.0139968895800933
3115,389,8,3,11,0.0171073094867807
3116,389,14,8,22,0.0342146189735614
3117,389,5,1,6,0.00933125972006221
3118,389,20,13,33,0.0513219284603421
3120,389,11,6,17,0.0264385692068429
3121,389,5,1,6,0.00933125972006221
3122,389,19,12,31,0.0482115085536547
3124,389,5,1,6,0.00933125972006221
3126,389,6,2,8,0.0124416796267496
3129,389,4,1,5,0.00778816199376947
3130,389,4,1,5,0.00778816199376947
3131,389,4,1,5,0.00778816199376947
3132,389,4,1,5,0.00778816199376947
3134,389,4,1,5,0.00778816199376947
3135,389,4,1,5,0.00778816199376947
3136,67,93,10,103,0.160436137071651
3137,389,7,2,9,0.014018691588785
3139,389,5,1,6,0.00934579439252336
3140,389,5,1,6,0.0093603744149766
3141,389,11,6,17,0.0265210608424337
3144,389,5,1,6,0.0093603744149766
3145,389,4,1,5,0.0078003120124805
3146,389,6,2,8,0.0124804992199688
3147,389,5,2,7,0.0109204368174727
3148,389,15,10,25,0.0390015600624025
3149,389,4,1,5,0.0078003120124805
3152,389,4,1,5,0.0078125
3153,389,6,3,9,0.0140625
3154,389,4,1,5,0.0078125
3155,389,7,3,10,0.015625
3156,389,5,2,7,0.0109375
3157,389,6,2,8,0.0125
3158,389,5,1,6,0.009375
3160,389,5,1,6,0.009375
3162,389,4,1,5,0.00782472613458529
3163,389,5,1,6,0.00938967136150235
3164,389,5,1,6,0.00938967136150235
3165,389,7,3,10,0.0156494522691706
3166,389,5,1,6,0.00938967136150235
3167,389,5,1,6,0.00938967136150235
3168,389,5,1,6,0.00938967136150235
3169,389,5,1,6,0.00938967136150235
3170,389,5,1,6,0.00938967136150235
3173,389,8,2,10,0.0156739811912226
3174,389,8,3,11,0.0172413793103448
3177,389,5,1,6,0.00941915227629513
3178,389,5,1,6,0.00941915227629513
3180,389,5,1,6,0.00941915227629513
3183,389,10,4,14,0.021978021978022
3186,389,4,1,5,0.00784929356357928
3187,389,4,1,5,0.00784929356357928
3188,389,4,1,5,0.00784929356357928
3189,389,4,1,5,0.00784929356357928
3191,389,6,2,8,0.0125786163522013
3192,67,137,44,181,0.284591194968553
3194,13,378,66,444,0.69811320754717
3206,11,49,9,58,0.0911949685534591
3232,10,43,8,51,0.080188679245283
3288,12,362,64,426,0.669811320754717
3356,11,320,85,405,0.636792452830189
3439,11,374,180,554,0.871069182389937
3450,11,379,106,485,0.762578616352201
3557,11,372,103,475,0.74685534591195
3682,12,383,81,464,0.729559748427673
3719,389,5,1,6,0.00943396226415094
3765,12,379,111,490,0.770440251572327
3793,389,7,3,10,0.0157232704402516
3794,13,382,105,487,0.765723270440252
3803,12,377,84,461,0.724842767295597
3804,389,5,1,6,0.00943396226415094
3907,389,5,1,6,0.0094488188976378
3923,389,14,8,22,0.0346456692913386
3930,389,5,1,6,0.0094488188976378
3943,389,5,1,6,0.0094488188976378
3946,11,55,27,82,0.129133858267717
3964,389,5,1,6,0.00946372239747634
3969,389,5,1,6,0.00946372239747634
3971,389,4,1,5,0.00788643533123028
3976,389,15,8,23,0.0362776025236593
3988,389,5,1,6,0.00946372239747634
4007,389,5,1,6,0.00946372239747634
4008,389,5,1,6,0.00946372239747634
4011,389,4,1,5,0.00788643533123028
4026,389,5,1,6,0.00946372239747634
4038,389,5,1,6,0.00946372239747634
4041,389,4,1,5,0.00788643533123028
4058,389,4,1,5,0.00788643533123028
4068,389,4,1,5,0.00788643533123028
4091,389,4,1,5,0.00789889415481832
4108,389,4,1,5,0.00789889415481832
4119,13,373,289,662,1.04581358609795
4134,389,4,1,5,0.00789889415481832
4135,389,4,1,5,0.00789889415481832
4136,389,4,1,5,0.00789889415481832
4137,389,4,1,5,0.00789889415481832
4138,389,4,1,5,0.00789889415481832
4140,389,4,1,5,0.00791139240506329
4141,389,4,1,5,0.00791139240506329
4142,389,6,2,8,0.0126582278481013
4143,389,7,3,10,0.0158227848101266
4145,389,4,1,5,0.00791139240506329
4146,389,5,2,7,0.0110759493670886
4148,389,4,1,5,0.00792393026941363
4149,389,4,1,5,0.00792393026941363
4150,389,4,1,5,0.00792393026941363
4151,389,4,1,5,0.00792393026941363
4153,389,4,1,5,0.00792393026941363
4155,389,7,3,10,0.0158730158730159
4156,389,4,1,5,0.00793650793650794
4157,389,5,2,7,0.0111287758346582
4189,389,4,1,5,0.00794912559618442
4228,389,8,3,11,0.0174880763116057
4261,14,363,94,457,0.726550079491256
4342,11,364,275,639,1.01589825119237
4346,11,359,79,438,0.696343402225755
4400,12,254,53,307,0.488076311605723
4503,11,280,61,341,0.542130365659777
4506,12,270,82,352,0.559618441971383
4532,12,381,143,524,0.833068362480127
4565,11,371,97,468,0.744038155802862
4595,11,175,15,190,0.302066772655008
4614,42,6,2,8,0.0127388535031847
4630,11,284,40,324,0.515923566878981
4635,389,6,2,8,0.0127388535031847
4663,389,5,1,6,0.00955414012738853
4721,12,391,263,654,1.04306220095694
4726,389,7,2,9,0.0143540669856459
4747,389,5,1,6,0.00956937799043062
4748,389,4,1,5,0.00798722044728434
4754,389,5,1,6,0.00958466453674121
4764,12,320,156,476,0.76038338658147
4783,389,5,1,6,0.0096
4784,389,6,1,7,0.0112
4785,389,5,1,6,0.0096
4786,389,5,1,6,0.00961538461538462
4788,389,7,2,9,0.0144230769230769
4790,389,5,1,6,0.00963081861958266
4791,389,7,2,9,0.014446227929374
4792,389,4,1,5,0.00802568218298555
4793,389,5,1,6,0.00963081861958266
4794,389,4,1,5,0.00802568218298555
4796,389,5,1,6,0.00964630225080386
4799,389,5,1,6,0.00966183574879227
4805,11,175,29,204,0.328502415458937
4810,11,376,152,528,0.85024154589372
4984,13,261,190,451,0.726247987117552
5191,389,5,1,6,0.00967741935483871
5234,389,5,1,6,0.00967741935483871
5289,13,370,105,475,0.767366720516963
5316,389,6,1,7,0.0113268608414239
5317,389,5,1,6,0.00970873786407767
5318,389,5,1,6,0.00972447325769854
5319,389,5,1,6,0.00972447325769854
5321,389,9,4,13,0.0211382113821138
5322,389,5,1,6,0.00975609756097561
5323,389,5,1,6,0.00975609756097561
5324,389,6,1,7,0.0113821138211382
5329,389,9,3,12,0.0195439739413681
5331,389,6,1,7,0.011400651465798
5332,389,8,2,10,0.0162866449511401
5333,389,5,1,6,0.00977198697068404
5334,67,84,3,87,0.141693811074919
5335,12,349,87,436,0.710097719869707
5337,389,7,3,10,0.0163132137030995
5342,389,7,2,9,0.0146818923327896
5343,389,6,1,7,0.0114192495921697
5344,389,5,1,6,0.00978792822185971
5345,389,6,1,7,0.0114192495921697
5346,389,4,1,5,0.00815660685154975
5348,67,81,1,82,0.133986928104575
5349,67,84,4,88,0.143790849673203
5350,67,82,2,84,0.137254901960784
5352,389,3,1,4,0.0065359477124183
5354,67,85,4,89,0.145424836601307
5355,67,99,18,117,0.191489361702128
5358,67,85,4,89,0.145662847790507
5360,67,84,3,87,0.142389525368249
5361,389,6,2,8,0.0130932896890344
5362,389,5,1,6,0.00981996726677578
5364,389,5,1,6,0.00981996726677578
5365,389,7,1,8,0.0130932896890344
5366,67,86,3,89,0.145901639344262
5367,389,5,1,6,0.00983606557377049
5368,67,86,3,89,0.145901639344262
5369,389,6,1,7,0.0114754098360656
5372,389,7,1,8,0.013136288998358
5374,67,94,12,106,0.174055829228243
5376,67,86,3,89,0.146141215106732
5378,389,5,1,6,0.00985221674876847
5379,67,89,8,97,0.15927750410509
5383,389,5,1,6,0.00986842105263158
5384,389,7,1,8,0.0131578947368421
5387,67,103,21,124,0.204283360790774
5389,67,84,4,88,0.14497528830313
5391,389,5,1,6,0.00988467874794069
5393,389,5,1,6,0.00988467874794069
5394,389,5,1,6,0.0099009900990099
5396,67,82,2,84,0.138613861386139
5398,389,4,1,5,0.00825082508250825
5399,389,5,1,6,0.0099009900990099
5400,389,5,1,6,0.0099009900990099
5401,389,5,1,6,0.0099009900990099
5403,67,83,2,85,0.14026402640264
5404,67,83,3,86,0.141914191419142
5405,389,6,1,7,0.0115511551155116
5407,389,5,1,6,0.00991735537190083
5408,389,6,1,7,0.0115702479338843
5409,389,5,1,6,0.00991735537190083
5410,389,4,1,5,0.00826446280991736
5412,389,4,1,5,0.00827814569536424
5415,389,6,1,7,0.0115894039735099
5416,389,4,1,5,0.00827814569536424
5418,389,5,1,6,0.00995024875621891
5419,389,31,4,35,0.0581395348837209
5421,389,5,1,6,0.00996677740863787
5422,67,89,10,99,0.164451827242525
5423,389,5,1,6,0.00996677740863787
5424,67,84,4,88,0.146179401993355
5425,389,5,1,6,0.00996677740863787
5427,389,4,1,5,0.00831946755407654
5474,11,262,49,311,0.517470881863561
5714,12,385,133,518,0.861896838602329
5956,389,5,1,6,0.00998336106489185
5983,11,297,70,367,0.610648918469218
6005,389,4,1,5,0.00831946755407654
6027,389,4,1,5,0.00831946755407654
6043,13,265,152,417,0.693843594009983
6049,389,4,1,5,0.00831946755407654
6061,389,4,1,5,0.00833333333333333
6082,389,4,1,5,0.00833333333333333
6126,67,82,2,84,0.14
6142,13,263,74,337,0.562604340567613
6146,389,6,1,7,0.011686143572621
6159,389,4,1,5,0.00834724540901502
6184,389,5,1,6,0.010016694490818
6214,389,6,2,8,0.0133779264214047
6216,389,6,1,7,0.0117252931323283
6220,389,4,1,5,0.00840336134453781
6223,67,80,2,82,0.138047138047138
6224,389,5,1,6,0.0101010101010101
6225,389,4,1,5,0.00841750841750842
6227,389,5,1,6,0.0101180438448567
6228,389,5,1,6,0.0101180438448567
6230,389,5,1,6,0.0101522842639594
6231,67,83,4,87,0.147208121827411
6232,389,5,1,6,0.0101522842639594
6235,389,4,1,5,0.00847457627118644
6237,67,80,4,84,0.142372881355932
6239,389,5,1,6,0.0101694915254237
6240,389,4,1,5,0.00847457627118644
6241,389,4,1,5,0.00847457627118644
6242,389,4,1,5,0.00847457627118644
6243,389,4,1,5,0.00847457627118644
6245,389,5,1,6,0.0101867572156197
6246,389,4,1,5,0.00848896434634975
6247,389,4,1,5,0.00848896434634975
