17,101,143,55,198,0.190201729106628
33,150,17,14,31,0.030938123752495
34,150,4,7,11,0.0109780439121756
37,150,4,7,11,0.0109780439121756
38,150,4,7,11,0.0109780439121756
39,150,4,7,11,0.0109780439121756
40,150,4,8,12,0.0119760479041916
45,150,5,1,6,0.00600600600600601
47,150,9,10,19,0.0190380761523046
48,150,14,11,25,0.0251256281407035
49,150,4,6,10,0.0100502512562814
51,742,6,4,10,0.0101729399796541
52,130,15,0,15,0.0152594099694812
53,389,6,0,6,0.00610376398779247
54,389,5,0,5,0.00508646998982706
55,389,5,0,5,0.00508646998982706
56,389,6,0,6,0.00610376398779247
57,389,5,0,5,0.00508646998982706
58,150,81,8,89,0.0905391658189217
59,150,7,5,12,0.0122075279755849
60,389,7,0,7,0.00712105798575788
61,150,8,1,9,0.00915564598168871
62,389,6,0,6,0.00610376398779247
63,389,6,0,6,0.00610376398779247
64,389,7,0,7,0.00712105798575788
65,389,7,0,7,0.00712105798575788
66,389,6,0,6,0.00610376398779247
67,150,12,6,18,0.0183112919633774
68,389,6,0,6,0.00610376398779247
69,389,7,2,9,0.00915564598168871
70,389,8,0,8,0.0081383519837233
71,983,2,6,8,0.0081383519837233
72,389,6,0,6,0.00610376398779247
73,389,6,0,6,0.00610376398779247
74,389,6,0,6,0.00610376398779247
75,389,6,0,6,0.00610376398779247
76,389,6,0,6,0.00610997963340122
77,917,5,7,12,0.0122199592668024
78,982,2,8,10,0.010183299389002
79,389,5,0,5,0.00509164969450102
80,389,8,0,8,0.00814663951120163
81,982,2,3,5,0.00509164969450102
82,389,6,0,6,0.00610997963340122
83,433,8,1,9,0.00916496945010183
84,982,0,2,2,0.00203665987780041
85,389,5,0,5,0.00509164969450102
86,389,7,0,7,0.00712830957230143
87,389,5,0,5,0.00509683995922528
88,389,9,0,9,0.00917431192660551
89,150,49,2,51,0.0519877675840979
90,389,8,0,8,0.00815494393476045
91,981,2,6,8,0.00815494393476045
92,389,6,0,6,0.00611620795107034
93,742,7,4,11,0.0112130479102956
94,389,5,0,5,0.00509683995922528
95,389,6,0,6,0.00611620795107034
96,389,9,0,9,0.00917431192660551
97,981,2,1,3,0.00305810397553517
98,981,2,1,3,0.00305810397553517
99,742,8,4,12,0.0122324159021407
100,389,4,0,4,0.00407747196738022
101,742,5,3,8,0.00815494393476045
102,389,8,0,8,0.00815494393476045
103,389,6,0,6,0.00611620795107034
104,389,6,0,6,0.00611620795107034
105,389,6,0,6,0.00612244897959184
106,389,6,0,6,0.00612244897959184
107,389,4,0,4,0.00408163265306122
108,389,7,0,7,0.00714285714285714
109,389,6,0,6,0.00612244897959184
110,389,7,0,7,0.00714285714285714
111,979,2,5,7,0.00715015321756895
112,389,6,0,6,0.00612870275791624
113,389,5,0,5,0.00510725229826353
114,389,6,0,6,0.00612870275791624
115,150,23,15,38,0.0388151174668029
116,851,13,14,27,0.0275791624106231
117,979,2,5,7,0.00715015321756895
118,979,2,5,7,0.00715015321756895
119,389,6,0,6,0.00612870275791624
120,389,6,0,6,0.00612870275791624
121,389,6,0,6,0.00612870275791624
122,389,7,0,7,0.00715015321756895
123,978,2,5,7,0.00715015321756895
124,389,7,0,7,0.00715015321756895
125,389,7,0,7,0.00715746421267894
126,389,7,0,7,0.00715746421267894
127,389,7,0,7,0.00715746421267894
128,978,2,3,5,0.00511247443762781
129,389,8,0,8,0.0081799591002045
130,978,2,1,3,0.00306748466257669
131,389,7,0,7,0.00715746421267894
132,389,9,0,9,0.00920245398773006
133,978,2,1,3,0.00306748466257669
134,918,4,1,5,0.00511247443762781
135,917,5,12,17,0.0173824130879346
136,389,6,0,6,0.00613496932515337
137,433,8,1,9,0.00920245398773006
138,389,6,0,6,0.00613496932515337
139,918,3,5,8,0.0081799591002045
140,389,7,0,7,0.00715746421267894
141,389,8,0,8,0.0081799591002045
142,150,8,1,9,0.00921187308085977
143,974,2,1,3,0.00307062436028659
144,389,7,0,7,0.00716479017400205
145,150,8,10,18,0.0184237461617195
146,977,2,3,5,0.00511770726714432
147,389,6,0,6,0.00614754098360656
148,389,9,0,9,0.00922131147540984
149,918,3,3,6,0.00614754098360656
150,976,2,2,4,0.00409836065573771
151,742,5,1,6,0.00614754098360656
152,976,2,1,3,0.00307377049180328
153,976,2,2,4,0.00409836065573771
154,389,8,0,8,0.00819672131147541
155,150,5,11,16,0.0163934426229508
156,964,0,2,2,0.00204918032786885
157,976,2,1,3,0.00307377049180328
158,836,3,6,9,0.00922131147540984
159,389,4,0,4,0.0041025641025641
160,975,2,6,8,0.00820512820512821
161,389,6,0,6,0.00615384615384615
162,918,3,5,8,0.00820512820512821
163,150,8,1,9,0.00923076923076923
164,389,6,0,6,0.00615384615384615
165,389,7,0,7,0.00717948717948718
166,150,6,8,14,0.0143589743589744
167,150,5,1,6,0.00615384615384615
168,918,3,5,8,0.00820512820512821
169,918,3,5,8,0.0082135523613963
170,389,7,0,7,0.00718685831622177
171,150,6,6,12,0.0123203285420945
172,918,4,7,11,0.0112936344969199
173,972,3,10,13,0.013347022587269
174,389,6,0,6,0.00616016427104723
175,389,7,0,7,0.00718685831622177
176,974,2,1,3,0.00308008213552361
177,389,8,0,8,0.0082135523613963
178,918,3,6,9,0.00924024640657084
179,389,6,0,6,0.00616016427104723
180,150,8,1,9,0.00924024640657084
181,150,11,24,35,0.0359342915811088
182,973,2,5,7,0.00719424460431655
183,389,7,0,7,0.00719424460431655
184,389,5,0,5,0.00513874614594039
185,973,2,6,8,0.00822199383350463
186,973,2,1,3,0.00308324768756423
187,389,6,0,6,0.00616649537512847
188,973,2,1,3,0.00308324768756423
189,918,3,6,9,0.0092497430626927
190,389,6,0,6,0.00616649537512847
191,389,6,0,6,0.00616649537512847
192,973,2,1,3,0.00308324768756423
193,389,4,0,4,0.00411522633744856
194,389,7,0,7,0.00720164609053498
195,389,5,0,5,0.0051440329218107
196,389,5,0,5,0.0051440329218107
197,389,5,0,5,0.0051440329218107
198,389,6,0,6,0.00617283950617284
199,972,2,2,4,0.00411522633744856
200,150,60,4,64,0.065843621399177
201,389,6,0,6,0.00617283950617284
202,972,2,3,5,0.0051440329218107
203,389,7,0,7,0.00720164609053498
204,918,9,6,15,0.0154320987654321
205,972,2,5,7,0.00720164609053498
206,389,6,0,6,0.00617283950617284
207,389,7,0,7,0.00720164609053498
208,389,6,0,6,0.00617283950617284
209,150,5,1,6,0.00617283950617284
210,742,7,3,10,0.0102880658436214
211,389,6,0,6,0.00617283950617284
212,971,2,8,10,0.0102986611740474
213,389,6,0,6,0.00617919670442842
214,389,8,0,8,0.0082389289392379
215,389,6,0,6,0.00617919670442842
216,971,2,1,3,0.00308959835221421
217,389,8,0,8,0.0082389289392379
218,389,6,0,6,0.00617919670442842
219,389,7,0,7,0.00720906282183316
220,150,5,8,13,0.0133882595262616
221,389,6,0,6,0.00617919670442842
222,150,10,1,11,0.0113285272914521
223,971,2,1,3,0.00308959835221421
224,389,6,0,6,0.00617919670442842
225,389,6,0,6,0.00617919670442842
226,389,6,0,6,0.00617919670442842
227,389,5,0,5,0.00514933058702369
228,742,7,3,10,0.0102986611740474
229,389,6,0,6,0.00617919670442842
230,389,6,0,6,0.00617919670442842
231,971,2,1,3,0.00308959835221421
232,969,2,9,11,0.0113285272914521
233,150,5,23,28,0.0289855072463768
234,918,4,7,11,0.0114226375908619
235,963,2,6,8,0.0083073727933541
236,389,6,0,6,0.00623052959501558
237,389,4,0,4,0.00415368639667705
238,389,5,0,5,0.00519210799584631
239,389,7,0,7,0.00726895119418484
240,389,5,0,5,0.00519210799584631
241,389,7,0,7,0.00726895119418484
242,389,5,0,5,0.0051975051975052
243,389,5,0,5,0.0051975051975052
244,962,2,1,3,0.00311850311850312
245,389,6,0,6,0.00623700623700624
246,962,2,5,7,0.00727650727650728
247,389,6,0,6,0.00623700623700624
248,389,6,0,6,0.00623700623700624
249,962,2,1,3,0.00311850311850312
250,961,2,5,7,0.0072840790842872
251,389,5,0,5,0.00520291363163371
252,389,5,0,5,0.00520291363163371
253,958,4,8,12,0.0124869927159209
254,389,4,0,4,0.00416233090530697
255,389,5,0,5,0.00520291363163371
256,389,7,0,7,0.00729166666666667
257,389,6,0,6,0.00625
258,389,6,0,6,0.00625
259,389,6,0,6,0.00625
260,150,152,21,173,0.180396246089677
261,150,9,1,10,0.0104275286757039
262,955,4,4,8,0.00834202294056309
263,952,4,12,16,0.0166840458811262
264,389,5,0,5,0.00521376433785193
265,918,4,6,10,0.0104384133611691
266,389,5,0,5,0.00521920668058455
267,389,6,0,6,0.00626304801670146
268,389,6,0,6,0.00626304801670146
269,956,3,4,7,0.00730688935281837
270,389,6,0,6,0.00626304801670146
271,389,5,0,5,0.00521920668058455
272,389,6,0,6,0.00626959247648903
273,150,18,4,22,0.0229885057471264
274,918,5,7,12,0.0125391849529781
275,150,9,1,10,0.0104493207941484
276,389,6,0,6,0.00626959247648903
277,389,7,0,7,0.00731452455590387
278,389,7,0,7,0.00731452455590387
279,150,5,7,12,0.0125391849529781
280,918,4,1,5,0.00523012552301255
281,937,6,9,15,0.0156903765690377
282,918,3,6,9,0.00941422594142259
283,919,5,10,15,0.0157068062827225
284,389,7,0,7,0.00732984293193717
285,951,3,17,20,0.0209424083769634
286,150,6,8,14,0.0146596858638743
287,389,8,0,8,0.00837696335078534
288,150,22,6,28,0.0293501048218029
289,389,9,0,9,0.00943396226415094
290,389,7,0,7,0.00733752620545073
291,389,8,0,8,0.00838574423480084
292,952,4,1,5,0.00524109014675052
293,150,16,9,25,0.0262329485834208
294,433,9,2,11,0.0115424973767051
295,951,4,3,7,0.00734522560335782
296,389,6,0,6,0.00630252100840336
297,918,5,7,12,0.0126050420168067
298,389,7,0,7,0.00735294117647059
299,389,6,0,6,0.00630252100840336
300,389,7,0,7,0.00735294117647059
301,950,1,2,3,0.00315126050420168
302,389,7,0,7,0.00736067297581493
303,389,6,0,6,0.00630914826498423
304,150,28,5,33,0.0347003154574132
305,949,4,1,5,0.00525762355415352
306,150,37,3,40,0.0420609884332282
307,389,6,0,6,0.00630914826498423
308,389,6,0,6,0.00632911392405063
309,742,7,4,11,0.0116033755274262
310,389,7,0,7,0.00738396624472574
311,389,6,0,6,0.00632911392405063
312,150,8,8,16,0.0168954593453009
313,389,6,0,6,0.00633579725448786
314,150,9,1,10,0.0105596620908131
315,918,5,2,7,0.00739957716701903
316,389,7,0,7,0.00739957716701903
317,150,8,7,15,0.0158562367864693
318,389,8,0,8,0.00846560846560847
319,943,4,1,5,0.00529100529100529
320,389,8,0,8,0.00846560846560847
321,389,9,0,9,0.00953389830508475
322,389,7,0,7,0.00741525423728814
323,942,4,1,5,0.00530222693531283
324,941,4,1,5,0.00530222693531283
325,940,4,3,7,0.00743099787685775
326,389,7,0,7,0.00743099787685775
327,389,7,0,7,0.00743889479277365
328,389,7,0,7,0.0074468085106383
330,389,7,0,7,0.0074468085106383
331,150,5,1,6,0.00638297872340425
335,101,177,35,212,0.225531914893617
336,937,5,9,14,0.0149094781682641
337,389,8,0,8,0.00851970181043664
338,389,8,0,8,0.00851970181043664
339,150,9,1,10,0.0106496272630458
340,918,5,1,6,0.00638977635782748
341,150,8,1,9,0.00958466453674121
342,733,8,8,16,0.0170575692963753
343,389,8,0,8,0.00852878464818763
344,918,5,3,8,0.00852878464818763
345,389,7,0,7,0.00746268656716418
346,150,19,3,22,0.023454157782516
347,389,8,0,8,0.00852878464818763
348,389,8,0,8,0.00852878464818763
349,433,8,1,9,0.0096051227321238
350,389,9,0,9,0.0096051227321238
351,150,13,11,24,0.0256136606189968
352,918,5,1,6,0.0064034151547492
353,431,9,1,10,0.0106723585912487
354,389,7,0,7,0.00747065101387407
355,918,5,1,6,0.0064034151547492
356,918,5,3,8,0.00853788687299893
357,918,6,9,15,0.016008537886873
358,909,9,8,17,0.0181430096051227
359,377,42,14,56,0.0598290598290598
360,934,4,6,10,0.0106837606837607
361,150,22,3,25,0.0267094017094017
362,150,9,1,10,0.0106837606837607
363,389,7,0,7,0.00748663101604278
364,150,38,2,40,0.0427807486631016
365,150,9,1,10,0.0106951871657754
366,150,23,3,26,0.027807486631016
367,933,4,2,6,0.00641711229946524
368,389,7,0,7,0.00748663101604278
369,64,213,73,286,0.305882352941176
370,150,6,9,15,0.0160427807486631
371,920,2,2,4,0.00427807486631016
372,920,5,6,11,0.0117647058823529
373,389,7,0,7,0.00748663101604278
374,389,7,0,7,0.00749464668094218
375,933,4,2,6,0.00642398286937901
376,389,7,0,7,0.00749464668094218
377,389,6,0,6,0.00642398286937901
378,389,7,0,7,0.007502679528403
379,389,7,0,7,0.007502679528403
380,389,7,0,7,0.007502679528403
381,389,7,0,7,0.007502679528403
382,930,5,1,6,0.00643086816720257
383,150,342,213,555,0.594855305466238
384,742,6,2,8,0.00858369098712446
385,150,9,1,10,0.0107411385606874
388,427,9,3,12,0.0129032258064516
392,923,7,3,10,0.0107874865156419
393,924,6,2,8,0.00863930885529158
397,150,14,10,24,0.025974025974026
398,920,6,2,8,0.00865800865800866
400,101,11,5,16,0.0173347778981582
401,920,6,2,8,0.00866738894907909
404,150,12,8,20,0.0216684723726977
405,150,12,8,20,0.0216684723726977
406,150,12,8,20,0.0216684723726977
407,150,48,9,57,0.0617551462621885
408,404,114,16,130,0.140845070422535
410,150,13,9,22,0.0238353196099675
411,150,13,8,21,0.0227518959913326
413,150,248,12,260,0.28169014084507
414,150,48,10,58,0.0628385698808234
415,150,13,8,21,0.0227518959913326
416,150,12,8,20,0.0216684723726977
417,920,7,3,10,0.0108459869848156
418,389,6,1,7,0.00759219088937093
419,150,10,3,13,0.0141150922909881
420,150,6,1,7,0.00760043431053203
421,389,6,1,7,0.00760043431053203
422,389,7,1,8,0.00868621064060804
423,389,6,1,7,0.00760869565217391
424,150,559,107,666,0.723913043478261
425,389,6,1,7,0.00761697497279652
426,917,6,4,10,0.0108813928182807
427,916,6,2,8,0.00871459694989107
428,916,13,11,24,0.0261437908496732
429,389,6,1,7,0.00762527233115468
430,389,6,1,7,0.00762527233115468
431,389,6,1,7,0.00762527233115468
432,389,7,1,8,0.00871459694989107
433,150,49,10,59,0.0642701525054466
434,414,24,6,30,0.0327153762268266
435,389,6,1,7,0.00763358778625954
436,389,7,1,8,0.00872410032715376
437,150,37,11,48,0.0523446019629226
438,150,11,2,13,0.0141766630316249
439,739,21,19,40,0.0436205016357688
440,389,5,1,6,0.00654307524536532
442,389,6,1,7,0.00763358778625954
443,389,6,1,7,0.00763358778625954
444,389,5,1,6,0.00654307524536532
445,150,65,7,72,0.0785169029443839
446,150,15,8,23,0.0250817884405671
447,389,5,1,6,0.00654307524536532
448,389,5,1,6,0.00654307524536532
449,389,5,1,6,0.00655021834061135
450,150,49,10,59,0.064410480349345
451,389,6,1,7,0.00764192139737991
452,389,6,1,7,0.00764192139737991
453,389,6,1,7,0.00764192139737991
454,389,5,1,6,0.00655021834061135
455,389,5,1,6,0.00655021834061135
456,389,5,1,6,0.00655021834061135
457,389,5,1,6,0.00655021834061135
458,431,13,5,18,0.0196506550218341
459,150,56,13,69,0.0753275109170306
460,389,5,1,6,0.00655021834061135
461,389,5,1,6,0.00655021834061135
462,389,12,1,13,0.0141921397379913
463,389,7,1,8,0.00873362445414847
464,389,7,1,8,0.00873362445414847
465,150,49,9,58,0.0633187772925764
466,389,8,1,9,0.00982532751091703
467,389,7,1,8,0.00873362445414847
469,389,7,1,8,0.0087431693989071
470,389,8,1,9,0.00983606557377049
471,389,7,1,8,0.0087431693989071
472,150,12,4,16,0.0174863387978142
473,389,7,1,8,0.0087431693989071
474,730,10,12,22,0.0240437158469945
475,389,8,1,9,0.00983606557377049
476,150,128,18,146,0.159562841530055
477,389,8,1,9,0.00983606557377049
478,389,8,1,9,0.00983606557377049
479,389,6,1,7,0.00765864332603939
480,389,7,1,8,0.0087527352297593
481,389,7,1,8,0.0087527352297593
482,389,6,1,7,0.00765864332603939
483,389,6,1,7,0.00765864332603939
484,389,7,1,8,0.0087527352297593
485,389,8,1,9,0.00984682713347921
486,389,7,1,8,0.0087527352297593
487,389,7,1,8,0.0087527352297593
488,150,13,3,16,0.0175054704595186
489,150,11,3,14,0.0153172866520788
490,389,9,1,10,0.0109409190371991
491,389,9,1,10,0.0109409190371991
492,389,7,1,8,0.0087527352297593
493,150,10,2,12,0.0131291028446389
494,389,8,1,9,0.00984682713347921
495,389,6,1,7,0.00765864332603939
496,389,6,1,7,0.00765864332603939
497,389,7,1,8,0.0087527352297593
498,150,14,8,22,0.0240700218818381
499,389,7,1,8,0.0087527352297593
500,389,6,1,7,0.00765864332603939
504,884,8,3,11,0.012035010940919
505,432,10,6,16,0.0175054704595186
506,389,7,1,8,0.0087527352297593
507,739,8,4,12,0.0131291028446389
508,389,6,1,7,0.00765864332603939
509,834,27,9,36,0.0394304490690033
510,150,15,6,21,0.0230010952902519
511,389,8,1,9,0.00985761226725082
513,389,7,1,8,0.00876232201533406
514,389,6,1,7,0.00766703176341731
516,150,10,2,12,0.0131434830230011
517,389,6,1,7,0.00766703176341731
518,150,8,2,10,0.0109529025191676
519,150,33,14,47,0.0514786418400876
520,389,7,1,8,0.00876232201533406
521,389,5,1,6,0.00657174151150055
522,742,7,4,11,0.0120481927710843
523,389,8,1,9,0.00985761226725082
524,389,8,1,9,0.00985761226725082
525,389,8,1,9,0.00985761226725082
526,389,6,1,7,0.00766703176341731
527,389,6,1,7,0.00766703176341731
528,433,25,13,38,0.0416210295728368
529,150,19,7,26,0.0284775465498357
530,150,12,5,17,0.0186199342825849
531,433,8,2,10,0.0109529025191676
532,389,8,1,9,0.00985761226725082
533,389,6,1,7,0.00766703176341731
534,742,6,2,8,0.00876232201533406
535,389,7,1,8,0.00876232201533406
536,150,10,2,12,0.0131434830230011
537,389,6,1,7,0.00766703176341731
538,150,18,6,24,0.0262869660460022
539,912,9,11,20,0.0219298245614035
540,389,8,1,9,0.00986842105263158
541,150,16,9,25,0.0274122807017544
543,150,14,2,16,0.0175438596491228
544,389,8,1,9,0.00986842105263158
545,389,6,1,7,0.00767543859649123
546,433,7,2,9,0.00986842105263158
547,389,7,1,8,0.0087719298245614
548,389,6,1,7,0.00767543859649123
549,744,104,22,126,0.138157894736842
550,389,6,1,7,0.00767543859649123
551,389,9,1,10,0.0109649122807018
552,389,6,1,7,0.00767543859649123
553,389,7,1,8,0.0087719298245614
555,389,9,2,11,0.0120614035087719
556,389,6,1,7,0.00768386388583974
557,389,7,1,8,0.00878155872667398
558,389,6,1,7,0.00768386388583974
559,389,6,1,7,0.00768386388583974
560,389,7,1,8,0.00878155872667398
563,389,6,1,7,0.00768386388583974
564,389,7,1,8,0.00878155872667398
565,150,27,13,40,0.0439077936333699
566,389,7,2,9,0.00987925356750823
567,150,11,5,16,0.017563117453348
568,389,6,1,7,0.00768386388583974
569,389,7,1,8,0.00878155872667398
570,389,5,1,6,0.00658616904500549
571,389,5,1,6,0.00658616904500549
573,389,7,1,8,0.00878155872667398
574,389,7,1,8,0.00879120879120879
575,389,6,1,7,0.00769230769230769
576,389,5,1,6,0.00659340659340659
577,150,20,9,29,0.0318681318681319
578,389,6,1,7,0.00769230769230769
579,150,13,4,17,0.0186813186813187
580,150,10,2,12,0.0131868131868132
581,389,5,1,6,0.00659340659340659
582,389,6,1,7,0.0077007700770077
583,150,16,10,26,0.0286343612334802
584,389,7,1,8,0.00881057268722467
585,389,7,1,8,0.00881057268722467
586,389,8,1,9,0.00991189427312775
587,389,4,1,5,0.00551267916207277
588,433,12,4,16,0.0176405733186329
589,150,12,4,16,0.0176405733186329
590,433,8,5,13,0.0143329658213892
591,742,7,5,12,0.0132304299889746
592,389,6,1,7,0.00771775082690187
593,389,7,1,8,0.00882028665931643
594,389,8,1,9,0.00992282249173098
595,389,6,1,7,0.00771775082690187
596,150,24,7,31,0.0341786108048512
597,389,8,2,10,0.0110253583241455
598,389,7,1,8,0.00882028665931643
600,907,12,12,24,0.0264608599779493
601,389,7,1,8,0.00883002207505519
603,150,10,4,14,0.0154525386313466
604,389,8,1,9,0.00993377483443709
605,389,8,1,9,0.00993377483443709
611,389,7,1,8,0.00884955752212389
612,389,5,1,6,0.00663716814159292
613,150,6,2,8,0.008859357696567
614,389,7,1,8,0.008859357696567
615,389,6,1,7,0.00775193798449612
616,389,6,1,7,0.00775193798449612
617,903,1,1,2,0.00221483942414175
618,389,6,1,7,0.00775193798449612
619,389,6,1,7,0.00775193798449612
620,903,1,1,2,0.00221483942414175
621,389,7,1,8,0.008859357696567
622,903,1,1,2,0.00221483942414175
623,902,1,1,2,0.00221729490022173
624,902,1,1,2,0.00221729490022173
625,902,1,1,2,0.00221729490022173
626,389,7,1,8,0.00886917960088692
627,389,5,1,6,0.00665188470066519
628,902,1,1,2,0.00221729490022173
629,150,60,9,69,0.0764966740576497
630,389,6,1,7,0.00776053215077605
632,65,9,10,19,0.0210643015521064
635,389,8,1,9,0.00998890122086571
636,150,8,1,9,0.00998890122086571
637,389,9,1,10,0.0110987791342952
639,389,8,1,9,0.00998890122086571
640,389,8,1,9,0.00998890122086571
641,408,36,14,50,0.0555555555555556
642,868,28,11,39,0.0433333333333333
643,389,7,1,8,0.00888888888888889
644,150,12,2,14,0.0155555555555556
645,150,10,2,12,0.0133333333333333
646,389,9,1,10,0.0111111111111111
647,389,8,1,9,0.01
649,389,9,1,10,0.0111111111111111
650,389,8,1,9,0.01
651,150,12,2,14,0.0155555555555556
652,389,8,1,9,0.01
653,389,7,1,8,0.00888888888888889
654,389,6,1,7,0.00778642936596218
655,432,10,3,13,0.014460511679644
656,389,6,1,7,0.00778642936596218
657,389,7,1,8,0.0089086859688196
658,389,7,1,8,0.0089086859688196
659,389,7,1,8,0.0089086859688196
662,389,6,1,7,0.00780379041248606
663,433,7,2,9,0.0100446428571429
664,389,6,1,7,0.0078125
665,389,7,1,8,0.00892857142857143
666,150,85,27,112,0.125279642058166
667,389,7,1,8,0.00894854586129754
668,389,7,1,8,0.00894854586129754
669,389,7,1,8,0.00894854586129754
670,389,7,1,8,0.00894854586129754
671,389,7,1,8,0.00894854586129754
673,742,5,2,7,0.00782997762863535
674,389,6,1,7,0.00782997762863535
675,389,7,1,8,0.00894854586129754
676,150,9,2,11,0.0123042505592841
677,389,7,1,8,0.00894854586129754
678,150,9,2,11,0.0123042505592841
679,389,9,2,11,0.0123042505592841
680,389,6,1,7,0.00782997762863535
681,389,8,1,9,0.0100783874580067
682,389,7,1,8,0.00895856662933931
683,389,7,2,9,0.0100783874580067
684,389,6,1,7,0.00783874580067189
685,389,6,1,7,0.00783874580067189
686,150,59,7,66,0.0739910313901345
687,150,8,2,10,0.0112107623318386
696,150,16,2,18,0.0202247191011236
697,389,6,1,7,0.00786516853932584
698,423,20,9,29,0.0326209223847019
699,389,5,1,6,0.00676437429537768
700,150,59,16,75,0.084554678692221
702,150,493,23,516,0.582392776523702
703,389,5,1,6,0.00677200902934537
704,389,6,1,7,0.00790067720090293
705,389,4,1,5,0.00564971751412429
706,884,10,10,20,0.0225988700564972
707,389,5,1,6,0.00678733031674208
709,150,18,7,25,0.0282805429864253
710,389,4,1,5,0.00565610859728507
711,389,4,1,5,0.00566251415628539
712,389,9,1,10,0.0113378684807256
713,150,7,2,9,0.0102156640181612
714,650,239,33,272,0.308740068104427
715,150,12,7,19,0.021566401816118
716,389,6,1,7,0.00794551645856981
717,150,18,10,28,0.0318181818181818
718,150,8,2,10,0.0113765642775882
719,389,7,1,8,0.00910125142207053
720,150,17,8,25,0.0284414106939704
721,876,14,10,24,0.0273037542662116
722,389,7,1,8,0.00910125142207053
723,389,6,1,7,0.00796359499431172
724,150,160,6,166,0.188850967007964
725,742,4,2,6,0.0068259385665529
726,150,16,6,22,0.025028441410694
728,389,5,1,6,0.00683371298405467
730,389,8,1,9,0.010250569476082
731,874,21,15,36,0.041002277904328
732,389,8,1,9,0.010250569476082
733,150,16,9,25,0.0284738041002278
734,150,5,1,6,0.00683371298405467
735,819,91,56,147,0.167425968109339
736,389,7,1,8,0.00911161731207289
737,389,6,1,7,0.00797266514806378
738,150,26,6,32,0.0364464692482916
739,389,5,1,6,0.00684931506849315
740,389,5,1,6,0.00684931506849315
741,389,5,1,6,0.00684931506849315
742,150,13,3,16,0.0182648401826484
743,150,14,2,16,0.0182648401826484
744,389,5,1,6,0.00684931506849315
745,389,7,1,8,0.00914285714285714
746,389,7,1,8,0.00914285714285714
747,389,6,1,7,0.0080091533180778
748,150,56,15,71,0.0812356979405034
749,389,5,1,6,0.00687285223367698
750,389,5,1,6,0.00687285223367698
751,389,7,2,9,0.0103211009174312
752,389,5,1,6,0.00688073394495413
753,389,8,1,9,0.0103211009174312
754,150,9,2,11,0.0126146788990826
755,150,17,8,25,0.0286697247706422
757,150,16,8,24,0.0275545350172216
758,800,17,11,28,0.0321469575200918
759,389,5,1,6,0.0068886337543054
760,389,6,1,7,0.00804597701149425
761,389,6,1,7,0.00804597701149425
765,150,14,8,22,0.0252873563218391
767,69,271,94,365,0.419540229885057
768,150,14,8,22,0.0252873563218391
769,150,14,8,22,0.0252873563218391
770,150,120,44,164,0.188505747126437
771,150,14,8,22,0.0252873563218391
772,150,14,8,22,0.0252873563218391
773,150,14,8,22,0.0252873563218391
774,150,51,22,73,0.0839080459770115
775,150,14,8,22,0.0252873563218391
776,101,17,9,26,0.0298850574712644
777,150,17,9,26,0.0298850574712644
778,150,14,8,22,0.0252873563218391
779,150,15,9,24,0.0275862068965517
780,11,309,99,408,0.468965517241379
781,150,14,8,22,0.0252873563218391
782,150,14,8,22,0.0252873563218391
783,150,17,9,26,0.0298850574712644
784,422,28,15,43,0.0494252873563218
785,150,34,22,56,0.064367816091954
786,150,14,8,22,0.0252873563218391
787,150,12,2,14,0.0160919540229885
788,150,14,8,22,0.0252873563218391
789,150,14,8,22,0.0252873563218391
790,150,14,8,22,0.0252873563218391
791,150,14,8,22,0.0252873563218391
792,150,15,8,23,0.0264367816091954
793,150,13,8,21,0.0241379310344828
794,150,14,8,22,0.0252873563218391
795,150,14,8,22,0.0252873563218391
796,150,14,8,22,0.0252873563218391
797,150,14,8,22,0.0252873563218391
798,150,14,8,22,0.0252873563218391
799,150,14,8,22,0.0252873563218391
800,150,14,8,22,0.0252873563218391
801,150,14,8,22,0.0252873563218391
802,150,14,8,22,0.0252873563218391
803,150,15,9,24,0.0275862068965517
804,744,12,9,21,0.0241379310344828
805,150,14,8,22,0.0252873563218391
806,150,14,8,22,0.0252873563218391
807,150,14,8,22,0.0252873563218391
808,150,14,8,22,0.0252873563218391
809,150,14,8,22,0.0252873563218391
810,150,14,8,22,0.0252873563218391
811,150,14,8,22,0.0252873563218391
813,150,14,8,22,0.0252873563218391
814,150,17,8,25,0.0287686996547756
815,150,118,16,134,0.154377880184332
816,830,29,14,43,0.0495391705069124
817,759,99,12,111,0.127880184331797
818,11,478,140,618,0.711981566820276
819,825,38,16,54,0.0622119815668203
820,813,43,10,53,0.0611303344867359
821,801,85,35,120,0.13840830449827
823,150,16,8,24,0.0277777777777778
824,863,6,6,12,0.0139049826187717
825,150,16,8,24,0.0278422273781903
826,814,17,10,27,0.031322505800464
831,833,23,9,32,0.0372526193247963
832,754,148,59,207,0.240977881257276
833,150,487,23,510,0.593713620488941
834,150,114,8,122,0.142025611175786
835,150,117,9,126,0.147196261682243
836,150,125,38,163,0.190420560747664
837,744,61,27,88,0.102803738317757
839,150,7,2,9,0.0105633802816901
840,150,5,1,6,0.00706713780918728
841,150,17,6,23,0.027122641509434
843,150,7,1,8,0.00954653937947494
844,150,753,324,1077,1.29136690647482
845,389,15,5,20,0.0239808153477218
846,389,12,4,16,0.0191846522781775
847,389,11,3,14,0.0167865707434053
848,827,6,3,9,0.0107913669064748
849,729,27,17,44,0.052757793764988
850,389,7,2,9,0.0107913669064748
851,150,55,29,84,0.100719424460432
852,389,7,1,8,0.00959232613908873
853,150,22,16,38,0.0455635491606715
854,389,7,1,8,0.00959232613908873
855,389,8,1,9,0.0107913669064748
856,389,6,1,7,0.00839328537170264
857,389,7,1,8,0.00959232613908873
858,389,7,1,8,0.00959232613908873
859,389,7,1,8,0.00959232613908873
860,150,8,2,10,0.0120048019207683
861,389,6,1,7,0.00840336134453781
862,389,9,2,11,0.0132052821128451
863,389,8,1,9,0.0108043217286915
864,389,7,1,8,0.00960384153661465
865,389,7,2,9,0.0108043217286915
866,389,6,1,7,0.00840336134453781
867,389,9,3,12,0.014405762304922
868,389,8,1,9,0.0108043217286915
869,150,18,7,25,0.0300120048019208
870,150,16,9,25,0.0300120048019208
871,389,5,1,6,0.00720288115246098
872,389,6,1,7,0.00840336134453781
873,389,6,2,8,0.00960384153661465
874,389,18,8,26,0.0312124849939976
875,389,5,1,6,0.00720288115246098
876,389,6,1,7,0.00840336134453781
877,389,11,4,15,0.0180072028811525
878,389,5,1,6,0.00720288115246098
879,433,9,4,13,0.0156062424969988
880,389,7,2,9,0.0108043217286915
881,389,12,5,17,0.0204081632653061
882,389,5,1,6,0.00720288115246098
883,389,9,3,12,0.014405762304922
884,389,17,7,24,0.0288115246098439
885,64,127,10,137,0.164465786314526
886,389,6,1,7,0.00840336134453781
887,389,8,1,9,0.0108043217286915
888,822,11,4,15,0.0180072028811525
889,389,7,1,8,0.00960384153661465
890,389,17,6,23,0.0276110444177671
891,389,7,1,8,0.00960384153661465
892,389,11,3,14,0.0168067226890756
893,389,10,2,12,0.014405762304922
894,389,7,1,8,0.00960384153661465
895,389,8,1,9,0.0108043217286915
896,433,15,7,22,0.0264105642256903
897,150,9,2,11,0.0132052821128451
898,389,10,3,13,0.0156062424969988
899,389,8,1,9,0.0108043217286915
900,389,7,1,8,0.00960384153661465
901,389,9,2,11,0.0132052821128451
902,389,30,13,43,0.0516206482593037
903,389,10,2,12,0.014405762304922
904,389,8,2,10,0.0120048019207683
905,150,75,14,89,0.106842737094838
906,150,97,48,145,0.17406962785114
907,389,6,1,7,0.00840336134453781
908,389,10,3,13,0.0156062424969988
909,389,6,1,7,0.00840336134453781
910,389,9,2,11,0.0132052821128451
911,389,9,4,13,0.0156062424969988
912,831,8,5,13,0.0156062424969988
913,389,7,1,8,0.00960384153661465
914,150,12,6,18,0.021608643457383
915,103,330,42,372,0.446578631452581
916,389,7,1,8,0.00960384153661465
917,150,51,4,55,0.0660264105642257
918,150,30,7,37,0.0444177671068427
919,389,6,1,7,0.00840336134453781
920,389,43,41,84,0.100840336134454
921,389,6,1,7,0.00840336134453781
922,825,12,6,18,0.021608643457383
924,150,16,6,22,0.0264105642256903
925,150,7,1,8,0.00960384153661465
926,389,8,2,10,0.0120048019207683
927,389,6,1,7,0.00840336134453781
928,389,8,2,10,0.0120048019207683
929,389,8,2,10,0.0120048019207683
930,389,6,1,7,0.00840336134453781
931,389,6,1,7,0.00840336134453781
932,389,12,4,16,0.0192076830732293
933,389,6,1,7,0.00840336134453781
934,389,6,1,7,0.00840336134453781
935,389,7,1,8,0.00960384153661465
936,389,8,2,10,0.0120048019207683
937,150,15,7,22,0.0264105642256903
938,389,8,2,10,0.0120048019207683
939,389,7,1,8,0.00960384153661465
940,389,6,1,7,0.00840336134453781
941,389,9,2,11,0.0132052821128451
942,389,7,1,8,0.00960384153661465
943,694,154,34,188,0.225690276110444
944,150,125,14,139,0.166866746698679
945,614,114,54,168,0.201680672268908
946,389,8,1,9,0.0108043217286915
947,389,7,1,8,0.00960384153661465
948,389,18,11,29,0.0348139255702281
949,389,7,1,8,0.00960384153661465
950,150,19,13,32,0.0384153661464586
951,150,11,3,14,0.0168067226890756
952,389,7,1,8,0.00960384153661465
953,432,7,2,9,0.0108043217286915
954,389,7,1,8,0.00960384153661465
955,389,7,1,8,0.00960384153661465
956,150,17,4,21,0.0252100840336134
957,389,6,1,7,0.00840336134453781
958,150,8,2,10,0.0120048019207683
959,389,10,3,13,0.015625
960,389,12,4,16,0.0192307692307692
961,389,7,1,8,0.00961538461538462
962,150,97,17,114,0.137019230769231
963,150,23,5,28,0.0336538461538462
964,150,11,3,14,0.0168269230769231
965,389,12,4,16,0.0192307692307692
966,150,34,7,41,0.0492788461538462
967,150,11,4,15,0.0180288461538462
968,389,15,4,19,0.0228365384615385
969,150,9,2,11,0.0132211538461538
970,147,14,6,20,0.0240384615384615
971,389,11,3,14,0.0168269230769231
972,389,42,19,61,0.0733173076923077
973,389,7,1,8,0.00961538461538462
974,740,12,5,17,0.0204326923076923
975,389,8,1,9,0.0108173076923077
976,389,7,1,8,0.00961538461538462
977,150,40,9,49,0.0588942307692308
978,739,7,5,12,0.0144230769230769
979,389,10,3,13,0.015625
980,389,7,1,8,0.00961538461538462
981,150,199,15,214,0.257211538461538
982,389,7,1,8,0.00961538461538462
983,150,20,7,27,0.0324519230769231
984,389,7,1,8,0.00961538461538462
985,150,8,3,11,0.0132211538461538
986,389,17,6,23,0.0276442307692308
987,389,8,1,9,0.0108173076923077
988,389,8,1,9,0.0108173076923077
989,389,7,1,8,0.00961538461538462
990,389,15,6,21,0.0252403846153846
991,150,11,4,15,0.0180288461538462
992,389,9,2,11,0.0132211538461538
993,389,8,1,9,0.0108173076923077
994,150,24,6,30,0.0360576923076923
995,389,8,1,9,0.0108173076923077
996,389,8,2,10,0.0120192307692308
997,396,38,6,44,0.0529482551143201
998,150,463,24,487,0.58604091456077
999,389,8,2,10,0.0120336943441637
1000,150,21,12,33,0.0397111913357401
1001,389,6,2,8,0.00962695547533093
1002,389,5,1,6,0.0072202166064982
1003,150,20,9,29,0.0348977135980746
1004,150,31,21,52,0.062575210589651
1005,101,120,17,137,0.164861612515042
1006,150,48,15,63,0.075812274368231
1007,389,9,1,10,0.0120336943441637
1008,648,21,17,38,0.0457280385078219
1009,389,6,1,7,0.00843373493975904
1010,389,5,1,6,0.0072289156626506
1011,389,5,1,6,0.0072289156626506
1012,389,5,1,6,0.0072289156626506
1013,389,5,1,6,0.0072289156626506
1014,389,5,1,6,0.0072289156626506
1015,389,7,1,8,0.00963855421686747
1016,389,6,2,8,0.00963855421686747
1017,389,14,4,18,0.0216867469879518
1018,389,7,1,8,0.00963855421686747
1019,389,6,1,7,0.00843373493975904
1020,389,10,3,13,0.0156815440289505
1021,389,5,1,6,0.00723763570566948
1022,150,10,3,13,0.0156815440289505
1023,389,5,1,6,0.00723763570566948
1024,150,32,11,43,0.051869722557298
1025,150,461,18,479,0.577804583835947
1026,389,6,1,7,0.00844390832328106
1027,389,8,1,9,0.0108564535585042
1028,389,7,1,8,0.00965018094089264
1029,389,8,2,10,0.0120627261761158
1030,150,199,4,203,0.244873341375151
1031,473,34,9,43,0.051869722557298
1032,821,15,11,26,0.0313630880579011
1033,823,15,12,27,0.0325693606755127
1034,100,23,14,37,0.0446859903381642
1035,389,10,3,13,0.0157004830917874
1036,67,90,10,100,0.120772946859903
1037,389,43,29,72,0.0869565217391304
1038,150,14,17,31,0.03743961352657
1039,150,154,125,279,0.33695652173913
1040,389,8,3,11,0.0132850241545894
1041,389,5,1,6,0.0072463768115942
1042,150,460,15,475,0.573671497584541
1043,389,5,1,6,0.0072463768115942
1044,112,199,90,289,0.349033816425121
1045,389,4,1,5,0.00603864734299517
1046,389,15,9,24,0.0289855072463768
1047,67,85,3,88,0.106280193236715
1048,150,45,6,51,0.0615942028985507
1049,641,38,25,63,0.0760869565217391
1050,389,6,2,8,0.00966183574879227
1051,389,5,1,6,0.00725513905683192
1052,389,9,2,11,0.0133010882708585
1053,389,4,1,5,0.0060459492140266
1054,389,10,6,16,0.0193470374848851
1055,389,6,2,8,0.00967351874244256
1056,389,7,3,10,0.0120918984280532
1057,389,4,1,5,0.0060459492140266
1058,389,18,13,31,0.0374848851269649
1059,389,4,1,5,0.0060459492140266
1060,389,43,24,67,0.0810157194679565
1061,673,181,12,193,0.233373639661427
1062,389,10,4,14,0.0169286577992745
1063,150,10,3,13,0.0157384987893462
1064,389,5,2,7,0.00847457627118644
1065,389,4,1,5,0.00605326876513317
1066,389,6,2,8,0.00968523002421308
1067,389,7,4,11,0.013317191283293
1068,389,4,1,5,0.00605326876513317
1069,389,4,1,5,0.00605326876513317
1070,389,5,2,7,0.00847457627118644
1071,389,4,1,5,0.00605326876513317
1072,150,45,22,67,0.0811138014527845
1073,389,4,1,5,0.00606060606060606
1074,433,4,2,6,0.00727272727272727
1075,150,8,2,10,0.0121212121212121
1076,150,20,6,26,0.0315151515151515
1077,389,8,3,11,0.0133333333333333
1079,433,5,2,7,0.00848484848484849
1080,431,7,3,10,0.0121212121212121
1081,64,152,28,180,0.218181818181818
1082,150,25,9,34,0.0412621359223301
1083,389,4,1,5,0.00606796116504854
1084,101,12,5,17,0.020631067961165
1085,389,9,5,14,0.0169902912621359
1086,389,11,7,18,0.0218446601941748
1087,150,14,8,22,0.0266990291262136
1088,389,4,1,5,0.00606796116504854
1089,389,6,2,8,0.00970873786407767
1090,599,29,18,47,0.0570388349514563
1091,389,23,12,35,0.0424757281553398
1092,389,4,1,5,0.00607533414337789
1093,389,4,2,6,0.00729040097205346
1094,432,15,9,24,0.0291616038882139
1095,389,16,11,27,0.0328068043742406
1096,389,10,4,14,0.0170109356014581
1097,389,5,2,7,0.00850546780072904
1098,150,174,3,177,0.215066828675577
1099,651,7,9,16,0.0194410692588092
1100,389,6,2,8,0.00972053462940462
1101,389,8,4,12,0.0145808019441069
1102,389,4,1,5,0.00608272506082725
1103,389,10,4,14,0.0170316301703163
1104,389,8,3,11,0.01338199513382
1106,389,4,1,5,0.00608272506082725
1107,413,6,3,9,0.0109489051094891
1108,389,4,1,5,0.00608272506082725
1109,389,7,4,11,0.01338199513382
1110,389,3,1,4,0.0048661800486618
1111,389,4,1,5,0.00608272506082725
1112,389,8,4,12,0.0145985401459854
1113,389,3,1,4,0.0048661800486618
1114,389,3,1,4,0.0048661800486618
1115,389,3,1,4,0.0048661800486618
1116,389,16,8,24,0.0291970802919708
1117,150,51,24,75,0.0912408759124088
1118,389,3,1,4,0.0048721071863581
1119,389,7,3,10,0.0121802679658952
1120,389,3,1,4,0.0048721071863581
1121,389,3,1,4,0.0048721071863581
1122,389,4,1,5,0.00609013398294762
1123,389,14,9,23,0.0280146163215591
1124,389,5,1,6,0.00730816077953715
1125,389,4,1,5,0.00609013398294762
1126,389,3,1,4,0.0048721071863581
1127,389,4,1,5,0.00609013398294762
1128,150,63,38,101,0.123020706455542
1129,755,5,4,9,0.0109622411693057
1130,389,7,2,9,0.0109622411693057
1131,389,14,10,24,0.0292326431181486
1132,389,5,2,7,0.00853658536585366
1133,389,4,1,5,0.00609756097560976
1134,389,3,1,4,0.0048780487804878
1135,389,4,2,6,0.00731707317073171
1136,389,5,2,7,0.00853658536585366
1137,389,3,1,4,0.0048780487804878
1138,389,3,1,4,0.0048780487804878
1139,150,7,4,11,0.0134310134310134
1140,782,5,7,12,0.0146520146520147
1141,389,3,1,4,0.00488400488400488
1142,389,10,7,17,0.0207570207570208
1143,389,4,1,5,0.00610500610500611
1144,389,7,4,11,0.0134310134310134
1145,150,11,4,15,0.0183150183150183
1146,389,4,1,5,0.00610500610500611
1147,150,9,6,15,0.0183150183150183
1148,150,13,7,20,0.0244200244200244
1149,389,4,1,5,0.00610500610500611
1150,150,167,5,172,0.21001221001221
1151,389,39,24,63,0.0769230769230769
1152,389,4,1,5,0.00611246943765281
1153,389,7,4,11,0.0134474327628362
1154,389,4,1,5,0.00611246943765281
1155,150,9,5,14,0.0171149144254279
1156,389,4,1,5,0.00611246943765281
1157,389,4,1,5,0.00611995104039168
1158,389,4,1,5,0.00611995104039168
1159,389,4,1,5,0.00611995104039168
1160,389,19,19,38,0.0465116279069767
1161,389,4,1,5,0.00611995104039168
1162,389,4,1,5,0.00611995104039168
1163,389,4,1,5,0.00611995104039168
1164,389,4,1,5,0.00611995104039168
1165,389,6,2,8,0.00980392156862745
1166,389,4,1,5,0.00612745098039216
1167,389,6,2,8,0.00980392156862745
1168,150,46,14,60,0.0735294117647059
1169,150,38,6,44,0.053921568627451
1170,389,22,12,34,0.0416666666666667
1171,389,8,3,11,0.0134803921568627
1172,389,4,1,5,0.00612745098039216
1173,389,7,1,8,0.00980392156862745
1174,389,5,1,6,0.00735294117647059
1175,389,5,1,6,0.00735294117647059
1176,389,6,1,7,0.00858895705521472
1177,389,7,3,10,0.0122699386503067
1178,389,6,2,8,0.0098159509202454
1179,389,4,1,5,0.00613496932515337
1180,389,6,2,8,0.0098159509202454
1181,67,124,38,162,0.198773006134969
1182,389,6,1,7,0.00858895705521472
1183,389,7,3,10,0.0122699386503067
1184,150,59,21,80,0.098159509202454
1185,67,93,13,106,0.13022113022113
1186,389,5,1,6,0.00737100737100737
1187,150,7,3,10,0.0122850122850123
1188,389,4,1,5,0.00614250614250614
1189,150,44,7,51,0.0626535626535627
1190,741,32,8,40,0.0491400491400491
1191,389,6,2,8,0.00982800982800983
1192,150,10,5,15,0.0184275184275184
1193,389,10,4,14,0.0171990171990172
1194,389,10,4,14,0.0171990171990172
1195,389,4,1,5,0.00615006150061501
1196,389,4,1,5,0.00615006150061501
1197,389,17,10,27,0.033210332103321
1199,389,16,6,22,0.027060270602706
1200,389,5,1,6,0.00738007380073801
1201,389,6,3,9,0.011070110701107
1202,389,4,1,5,0.00615006150061501
1203,150,8,2,10,0.01230012300123
1204,389,5,1,6,0.00738007380073801
1205,389,10,4,14,0.017220172201722
1206,150,10,4,14,0.017220172201722
1207,396,29,3,32,0.039360393603936
1208,389,4,1,5,0.00615006150061501
1209,389,10,4,14,0.0172413793103448
1210,389,6,2,8,0.00985221674876847
1211,389,4,1,5,0.0061576354679803
1212,150,21,16,37,0.0455665024630542
1213,389,6,2,8,0.00985221674876847
1214,389,4,1,5,0.0061576354679803
1215,389,6,2,8,0.00985221674876847
1216,389,4,1,5,0.0061576354679803
1217,389,5,2,7,0.00862068965517241
1218,389,6,2,8,0.00985221674876847
1219,389,6,2,8,0.00985221674876847
1220,724,30,10,40,0.0492610837438424
1221,389,4,1,5,0.0061652281134402
1222,389,4,1,5,0.0061652281134402
1223,150,52,12,64,0.0789149198520345
1224,389,5,2,7,0.00863131935881628
1225,389,3,1,4,0.00493218249075216
1226,389,3,1,4,0.00493218249075216
1227,432,6,4,10,0.0123456790123457
1228,389,3,1,4,0.00493827160493827
1229,389,3,4,7,0.00864197530864197
1230,150,18,9,27,0.0333333333333333
1231,389,3,2,5,0.00617283950617284
1232,389,3,1,4,0.00493827160493827
1233,67,85,5,90,0.111111111111111
1234,389,3,2,5,0.00617283950617284
1235,389,2,1,3,0.0037037037037037
1236,389,3,1,4,0.00493827160493827
1237,150,12,7,19,0.0234857849196539
1238,389,3,2,5,0.00618046971569839
1239,389,3,1,4,0.00494437577255871
1240,389,3,1,4,0.00494437577255871
1241,150,12,8,20,0.0247218788627936
1242,67,83,2,85,0.105067985166873
1243,389,4,1,5,0.00618046971569839
1244,389,8,4,12,0.0148331273176761
1245,389,4,1,5,0.00618811881188119
1246,389,4,1,5,0.00618811881188119
1247,389,4,1,5,0.00618811881188119
1248,389,10,4,14,0.0173267326732673
1249,389,4,1,5,0.00618811881188119
1250,389,4,1,5,0.00618811881188119
1251,389,6,2,8,0.0099009900990099
1252,150,95,8,103,0.127475247524752
1253,150,401,22,423,0.524163568773234
1254,150,7,2,9,0.0111524163568773
1255,389,5,1,6,0.00743494423791822
1256,389,5,1,6,0.00743494423791822
1257,389,8,2,10,0.0123915737298637
1258,389,5,1,6,0.00743494423791822
1259,433,8,5,13,0.0161290322580645
1260,389,6,1,7,0.0086848635235732
1261,720,94,12,106,0.13151364764268
1262,389,3,1,4,0.00496277915632754
1263,389,3,1,4,0.00496277915632754
1264,389,5,2,7,0.0086848635235732
1265,389,4,1,5,0.00620347394540943
1266,150,87,75,162,0.200992555831266
1267,389,5,2,7,0.0086848635235732
1268,389,5,1,6,0.00744416873449132
1269,150,9,5,14,0.0173913043478261
1270,150,43,4,47,0.0583850931677019
1271,150,101,53,154,0.191304347826087
1272,389,10,5,15,0.0186335403726708
1275,541,122,22,144,0.17910447761194
1276,150,38,7,45,0.0559701492537313
1277,150,6,3,9,0.0111940298507463
1278,80,376,42,418,0.521197007481297
1279,150,43,5,48,0.0598503740648379
1280,150,43,4,47,0.0586034912718204
1281,150,48,11,59,0.0735660847880299
1282,150,41,3,44,0.0548628428927681
1283,150,41,3,44,0.0548628428927681
1284,150,48,9,57,0.071072319201995
1286,12,384,113,497,0.619700748129676
1287,64,192,29,221,0.275561097256858
1289,801,7,4,11,0.013715710723192
1290,150,42,4,46,0.057356608478803
1291,150,41,22,63,0.0785536159600998
1293,150,46,7,53,0.0660847880299252
1294,150,40,4,44,0.0548628428927681
1295,150,47,10,57,0.071072319201995
1296,150,9,1,10,0.0124688279301746
1297,150,47,11,58,0.0723192019950125
1298,101,13,5,18,0.0224719101123595
1299,389,4,1,5,0.00624219725343321
1300,389,3,1,4,0.00499375780274657
1301,150,12,5,17,0.0212234706616729
1302,389,6,3,9,0.0112359550561798
1303,150,38,6,44,0.0549313358302122
1304,150,49,28,77,0.0961298377028714
1305,150,48,10,58,0.0724094881398252
1306,389,5,2,7,0.00873907615480649
1307,799,7,7,14,0.017478152309613
1308,389,4,2,6,0.0075
1309,150,8,3,11,0.01375
1310,150,8,4,12,0.015
1311,389,3,1,4,0.005
1312,389,10,5,15,0.01875
1313,389,3,1,4,0.005
1314,64,190,25,215,0.26875
1315,150,74,45,119,0.14875
1316,389,6,2,8,0.01
1317,150,133,23,156,0.195
1318,150,42,5,47,0.05875
1319,150,53,38,91,0.11375
1320,760,50,27,77,0.09625
1321,389,7,4,11,0.01375
1322,389,7,3,10,0.0125
1323,150,44,10,54,0.0675
1324,150,6,2,8,0.0100125156445557
1325,150,46,5,51,0.0638297872340425
1326,150,41,10,51,0.0638297872340425
1327,740,32,14,46,0.0575719649561952
1328,389,4,1,5,0.00625782227784731
1329,389,7,4,11,0.0137672090112641
1330,389,4,1,5,0.00625782227784731
1331,389,5,2,7,0.00876095118898623
1332,389,3,1,4,0.00500625782227785
1333,389,4,2,6,0.00750938673341677
1334,389,3,1,4,0.00500625782227785
1335,389,3,1,4,0.00500625782227785
1336,730,39,7,46,0.0575719649561952
1337,389,3,1,4,0.0050125313283208
1338,389,3,1,4,0.0050125313283208
1339,389,3,1,4,0.0050125313283208
1340,389,3,1,4,0.0050125313283208
1341,150,7,3,10,0.012531328320802
1342,389,5,3,8,0.0100250626566416
1343,150,21,19,40,0.050125313283208
1344,150,42,9,51,0.0639097744360902
1345,389,4,1,5,0.006265664160401
1346,389,4,1,5,0.006265664160401
1347,389,4,1,5,0.006265664160401
1348,389,11,5,16,0.0200501253132832
1349,389,3,1,4,0.0050125313283208
1350,150,171,4,175,0.219298245614035
1351,797,8,5,13,0.0162907268170426
1352,389,3,1,4,0.0050125313283208
1353,150,10,2,12,0.0150375939849624
1354,150,32,2,34,0.0426599749058971
1355,150,6,2,8,0.0100376411543287
1356,389,5,2,7,0.00878293601003764
1357,389,5,3,8,0.0100376411543287
1358,389,3,1,4,0.00501882057716437
1359,389,5,1,6,0.00752823086574655
1360,389,6,1,7,0.00878293601003764
1361,389,5,1,6,0.00752823086574655
1362,150,8,3,11,0.013801756587202
1363,150,84,47,131,0.164366373902133
1364,150,41,28,69,0.0865746549560853
1365,389,12,5,17,0.0213299874529486
1366,150,47,15,62,0.0777917189460477
1367,389,10,3,13,0.0163111668757842
1368,389,5,1,6,0.00753768844221105
1369,150,11,5,16,0.0201005025125628
1370,389,5,1,6,0.00753768844221105
1371,389,11,4,15,0.0188442211055276
1372,389,4,1,5,0.00628140703517588
1373,389,4,1,5,0.00628140703517588
1374,389,4,1,5,0.00628140703517588
1375,389,5,1,6,0.00753768844221105
1376,433,6,2,8,0.0100502512562814
1377,389,7,4,11,0.0138190954773869
1378,389,4,1,5,0.00628140703517588
1379,150,186,7,193,0.242462311557789
1380,150,8,4,12,0.0150753768844221
1381,389,3,1,4,0.0050251256281407
1382,389,4,1,5,0.00628140703517588
1383,150,37,16,53,0.0665829145728643
1384,389,7,2,9,0.0113065326633166
1385,150,37,6,43,0.0540880503144654
1386,150,10,6,16,0.020125786163522
1387,389,6,3,9,0.0113207547169811
1388,150,76,6,82,0.10314465408805
1389,389,4,1,5,0.00628930817610063
1390,389,6,1,7,0.00880503144654088
1391,389,5,1,6,0.00754716981132075
1392,389,10,5,15,0.0188679245283019
1393,389,4,1,5,0.00628930817610063
1394,150,44,6,50,0.0628930817610063
1395,389,4,1,5,0.00628930817610063
1396,389,3,1,4,0.00503778337531486
1397,150,40,11,51,0.0642317380352645
1398,389,4,1,5,0.00629722921914358
1399,389,3,1,4,0.00503778337531486
1400,150,80,10,90,0.113350125944584
1401,389,17,11,28,0.035264483627204
1402,389,3,1,4,0.00503778337531486
1403,389,3,2,5,0.00629722921914358
1404,389,3,1,4,0.00503778337531486
1405,150,10,7,17,0.0214105793450882
1406,150,7,4,11,0.0138539042821159
1407,389,10,5,15,0.0188916876574307
1408,150,24,6,30,0.0377833753148615
1409,150,42,14,56,0.0706179066834805
1410,389,3,1,4,0.00504413619167718
1411,389,3,1,4,0.00504413619167718
1412,389,13,11,24,0.0302648171500631
1413,389,5,3,8,0.0100882723833544
1414,389,6,2,8,0.0100882723833544
1415,389,7,2,9,0.0113493064312736
1416,150,9,3,12,0.0151324085750315
1417,446,139,6,145,0.182849936948298
1418,150,18,6,24,0.0302648171500631
1419,150,7,4,11,0.0138713745271122
1420,150,16,10,26,0.0327868852459016
1421,389,6,1,7,0.00882723833543506
1422,389,24,19,43,0.0542929292929293
1423,389,3,1,4,0.00505050505050505
1424,389,3,1,4,0.00505050505050505
1425,389,4,2,6,0.00757575757575758
1426,389,3,1,4,0.00505050505050505
1427,150,8,4,12,0.0151515151515152
1428,37,11,9,20,0.0252525252525253
1429,389,3,1,4,0.00505050505050505
1430,389,7,3,10,0.0126262626262626
1431,389,3,1,4,0.00505050505050505
1432,707,43,13,56,0.0707070707070707
1433,150,6,3,9,0.0113636363636364
1434,389,3,1,4,0.00505050505050505
1435,389,14,9,23,0.029040404040404
1436,150,7,5,12,0.0151706700379267
1437,150,161,22,183,0.231352718078382
1438,389,3,1,4,0.00505689001264223
1439,150,16,11,27,0.034134007585335
1440,389,14,8,22,0.0278128950695322
1441,150,37,7,44,0.0556257901390645
1442,150,6,3,9,0.011378002528445
1443,389,3,1,4,0.00505689001264223
1444,150,29,6,35,0.0442477876106195
1445,150,5,2,7,0.00884955752212389
1446,389,8,6,14,0.0176991150442478
1447,389,3,1,4,0.00506329113924051
1448,606,12,10,22,0.0278481012658228
1449,150,7,6,13,0.0164556962025316
1450,389,3,1,4,0.00506329113924051
1451,389,3,1,4,0.00506329113924051
1452,389,4,1,5,0.00632911392405063
1453,150,5,2,7,0.00886075949367089
1454,389,4,2,6,0.00759493670886076
1455,150,9,8,17,0.0215189873417722
1456,723,8,9,17,0.0215462610899873
1457,389,3,1,4,0.00506970849176172
1458,150,6,3,9,0.0114068441064639
1459,150,7,4,11,0.0139416983523447
1460,389,3,1,4,0.00506970849176172
1461,150,24,27,51,0.064638783269962
1462,389,3,1,4,0.00506970849176172
1463,150,4,1,5,0.00633713561470215
1464,150,10,7,17,0.0215462610899873
1465,389,3,1,4,0.00506970849176172
1466,426,17,12,29,0.0367553865652725
1467,389,4,1,5,0.00633713561470215
1468,389,4,1,5,0.00633713561470215
1469,389,4,2,6,0.00760456273764259
1470,389,6,4,10,0.0126742712294043
1471,389,3,1,4,0.00506970849176172
1472,389,4,2,6,0.00760456273764259
1473,389,3,1,4,0.00506970849176172
1474,389,4,2,6,0.00760456273764259
1475,150,28,5,33,0.0418250950570342
1476,430,7,5,12,0.0152091254752852
1477,389,3,1,4,0.00506970849176172
1478,389,5,3,8,0.0101522842639594
1479,389,3,1,4,0.0050761421319797
1480,150,6,3,9,0.0114213197969543
1481,389,6,4,10,0.0126903553299492
1482,389,3,1,4,0.0050761421319797
1483,389,3,1,4,0.0050761421319797
1484,389,3,1,4,0.0050761421319797
1485,150,6,3,9,0.0114213197969543
1486,389,3,1,4,0.0050761421319797
1487,150,10,6,16,0.0203045685279188
1488,389,4,2,6,0.00761421319796954
1489,150,5,2,7,0.00888324873096447
1490,389,9,4,13,0.016497461928934
1491,389,4,1,5,0.00634517766497462
1492,389,3,1,4,0.0050761421319797
1493,389,3,1,4,0.0050761421319797
1494,389,3,1,4,0.0050761421319797
1495,389,7,5,12,0.0152284263959391
1496,389,4,2,6,0.00761421319796954
1497,389,3,1,4,0.0050761421319797
1498,389,2,1,3,0.00380710659898477
1499,389,3,1,4,0.0050761421319797
1500,150,32,6,38,0.0482233502538071
1501,150,21,10,31,0.0393401015228426
1502,389,5,2,7,0.00888324873096447
1503,389,5,2,7,0.00888324873096447
1504,150,10,5,15,0.0190355329949239
1505,389,3,1,4,0.0050761421319797
1506,150,37,12,49,0.0622617534942821
1507,389,3,1,4,0.00508259212198221
1508,389,5,2,7,0.00889453621346887
1509,150,42,13,55,0.0698856416772554
1510,150,11,8,19,0.0241423125794155
1511,150,14,7,21,0.0266836086404066
1512,150,14,7,21,0.0266836086404066
1513,150,16,8,24,0.0304955527318933
1515,150,14,7,21,0.0266836086404066
1516,150,9,3,12,0.0152477763659466
1517,150,14,7,21,0.0266836086404066
1518,150,14,7,21,0.0266836086404066
1519,389,3,1,4,0.00508259212198221
1520,389,3,1,4,0.00508259212198221
1521,389,3,1,4,0.00508259212198221
1522,389,3,1,4,0.00508259212198221
1523,389,3,1,4,0.00508259212198221
1524,389,3,1,4,0.00508259212198221
1525,389,3,1,4,0.00508259212198221
1526,150,6,3,9,0.01143583227446
1527,389,4,2,6,0.00762388818297332
1528,389,3,1,4,0.00508259212198221
1529,150,40,13,53,0.0673443456162643
1530,389,3,1,4,0.00508259212198221
1531,389,3,1,4,0.00508259212198221
1532,389,3,1,4,0.00508259212198221
1533,389,4,2,6,0.00762388818297332
1534,150,36,7,43,0.0546378653113088
1535,389,3,1,4,0.00508905852417303
1536,389,14,12,26,0.0330788804071247
1537,389,3,1,4,0.00508905852417303
1538,389,3,1,4,0.00508905852417303
1539,389,3,1,4,0.00508905852417303
1540,150,7,3,10,0.0127226463104326
1541,389,3,1,4,0.00508905852417303
1542,389,3,1,4,0.00508905852417303
1543,150,9,5,14,0.0178117048346056
1544,150,9,5,14,0.0178117048346056
1545,433,4,2,6,0.00763358778625954
1546,389,14,8,22,0.0279898218829517
1547,389,5,2,7,0.0089058524173028
1548,389,4,1,5,0.00636132315521628
1549,389,4,1,5,0.00636132315521628
1550,389,4,1,5,0.00636132315521628
1551,389,5,2,7,0.0089171974522293
1552,412,19,5,24,0.0305732484076433
1553,150,44,6,50,0.0636942675159236
1554,389,9,7,16,0.0203821656050955
1555,389,3,1,4,0.00509554140127389
1556,150,37,9,46,0.0585987261146497
1557,389,11,7,18,0.0229299363057325
1558,389,3,1,4,0.00509554140127389
1559,389,3,1,4,0.00509554140127389
1560,389,3,1,4,0.00509554140127389
1561,389,3,1,4,0.00509554140127389
1562,389,3,1,4,0.00509554140127389
1563,150,11,8,19,0.024203821656051
1564,389,3,1,4,0.00509554140127389
1565,389,3,1,4,0.00510204081632653
1566,389,3,1,4,0.00510204081632653
1567,389,3,1,4,0.00510204081632653
1568,389,3,1,4,0.00510204081632653
1569,389,4,2,6,0.0076530612244898
1570,150,41,11,52,0.0663265306122449
1571,389,6,4,10,0.0127551020408163
1572,389,6,4,10,0.0127551020408163
1573,389,3,1,4,0.00510855683269476
1574,389,3,1,4,0.00510855683269476
1575,389,23,21,44,0.0561941251596424
1576,389,3,1,4,0.00510855683269476
1577,389,3,1,4,0.00510855683269476
1578,389,3,1,4,0.00510855683269476
1579,389,3,1,4,0.00510855683269476
1580,150,44,3,47,0.0600255427841635
1581,150,39,7,46,0.0587484035759898
1582,682,20,9,29,0.037037037037037
1583,389,39,35,74,0.0945083014048531
1584,389,8,4,12,0.0153256704980843
1585,150,23,6,29,0.037037037037037
1586,742,23,8,31,0.0395913154533844
1587,100,8,4,12,0.0153452685421995
1588,150,69,15,84,0.107416879795396
1589,150,20,4,24,0.030690537084399
1590,389,5,2,7,0.00895140664961637
1591,150,18,10,28,0.0358056265984655
1592,389,6,2,8,0.010230179028133
1593,389,9,3,12,0.0153452685421995
1594,389,4,1,5,0.00639386189258312
1595,150,11,6,17,0.0217391304347826
1596,389,11,5,16,0.020460358056266
1597,389,6,3,9,0.0115089514066496
1598,389,6,2,8,0.010230179028133
1599,389,5,1,6,0.00768245838668374
1600,389,5,1,6,0.00768245838668374
1601,389,5,1,6,0.00768245838668374
1602,389,5,1,6,0.00768245838668374
1603,389,3,1,4,0.00512163892445583
1604,389,9,6,15,0.0192061459667093
1605,389,3,1,4,0.00512163892445583
1606,150,29,16,45,0.057618437900128
1607,150,29,6,35,0.0448143405889885
1608,389,3,1,4,0.00512163892445583
1609,389,3,1,4,0.00512163892445583
1610,389,3,1,4,0.00512163892445583
1611,389,3,1,4,0.00512163892445583
1612,701,8,18,26,0.0332906530089629
1613,389,4,2,6,0.00768245838668374
1614,150,6,3,9,0.0115236875800256
1615,389,3,1,4,0.00512820512820513
1616,389,9,7,16,0.0205128205128205
1617,389,3,1,4,0.00512820512820513
1618,389,3,1,4,0.00512820512820513
1619,150,28,23,51,0.0653846153846154
1620,389,3,1,4,0.00512820512820513
1621,389,3,1,4,0.00512820512820513
1622,150,29,9,38,0.0487179487179487
1623,389,3,1,4,0.00512820512820513
1624,150,6,3,9,0.0115384615384615
1625,150,27,5,32,0.041025641025641
1626,150,57,57,114,0.146153846153846
1627,389,6,2,8,0.0102564102564103
1628,389,3,1,4,0.00512820512820513
1629,389,4,1,5,0.00641025641025641
1630,389,3,1,4,0.00512820512820513
1631,389,6,4,10,0.0128205128205128
1632,389,5,3,8,0.0102564102564103
1633,389,6,2,8,0.0102564102564103
1634,389,6,3,9,0.0115384615384615
1635,389,3,1,4,0.00512820512820513
1636,389,5,3,8,0.0102564102564103
1637,150,45,18,63,0.0808729139922978
1638,389,3,1,4,0.00513478818998716
1639,389,5,2,7,0.00898587933247754
1640,389,3,1,4,0.00513478818998716
1641,389,3,1,4,0.00513478818998716
1642,150,17,11,28,0.0359435173299101
1643,389,3,1,4,0.00513478818998716
1644,389,3,1,4,0.00513478818998716
1645,389,4,2,6,0.0077120822622108
1646,389,3,1,4,0.0051413881748072
1647,389,3,1,4,0.0051413881748072
1648,389,3,1,4,0.0051413881748072
1649,389,9,4,13,0.0167095115681234
1650,64,305,84,389,0.5
1651,389,5,1,6,0.0077120822622108
1652,389,8,3,11,0.0141388174807198
1653,150,18,7,25,0.032133676092545
1654,389,10,2,12,0.0154241645244216
1655,150,8,5,13,0.0167095115681234
1656,150,13,6,19,0.0244215938303342
1657,389,4,1,5,0.006426735218509
1658,389,17,11,28,0.0359897172236504
1659,150,6,2,8,0.0102827763496144
1660,389,3,1,4,0.0051413881748072
1661,389,8,2,10,0.0128700128700129
1662,389,5,1,6,0.00772200772200772
1663,389,6,2,8,0.0102960102960103
1664,389,4,1,5,0.00643500643500643
1665,389,5,1,6,0.00772200772200772
1666,389,5,1,6,0.00772200772200772
1667,150,30,7,37,0.0476190476190476
1668,150,32,3,35,0.045045045045045
1669,150,14,9,23,0.029639175257732
1670,389,4,1,5,0.00644329896907216
1671,592,11,8,19,0.0244845360824742
1672,389,4,1,5,0.00644329896907216
1673,150,7,2,9,0.0115979381443299
1674,150,33,8,41,0.0528350515463918
1675,648,52,10,62,0.0798969072164948
1676,742,5,3,8,0.0103092783505155
1677,150,61,21,82,0.105670103092784
1678,389,4,1,5,0.00645161290322581
1679,389,5,2,7,0.00903225806451613
1680,389,4,1,5,0.00645161290322581
1681,764,13,5,18,0.0232258064516129
1682,150,8,3,11,0.0141935483870968
1683,389,4,1,5,0.00645161290322581
1684,150,11,8,19,0.0245161290322581
1685,150,41,5,46,0.0593548387096774
1686,150,7,5,12,0.0154838709677419
1687,389,5,2,7,0.00903225806451613
1688,433,5,2,7,0.00904392764857881
1689,389,4,1,5,0.00645994832041344
1690,432,11,7,18,0.0232558139534884
1691,389,4,1,5,0.00645994832041344
1692,133,345,82,427,0.551679586563308
1693,150,57,11,68,0.0878552971576227
1694,150,43,5,48,0.0620957309184994
1695,389,4,1,5,0.00646830530401035
1696,100,15,6,21,0.0271668822768435
1697,150,168,10,178,0.230271668822768
1698,389,7,3,10,0.0129366106080207
1699,101,10,3,13,0.0168175937904269
1700,150,14,8,22,0.0284605433376455
1701,39,1079,256,1335,1.72703751617076
1702,150,28,6,34,0.0439844760672704
1703,100,15,6,21,0.0271668822768435
1704,389,5,1,6,0.00776196636481242
1705,150,38,4,42,0.0544041450777202
1706,150,29,6,35,0.0453367875647668
1707,150,43,5,48,0.0621761658031088
1708,389,15,8,23,0.0297927461139896
1709,150,32,7,39,0.0505181347150259
1710,389,4,1,5,0.00647668393782383
1711,10,357,11,368,0.476683937823834
1712,389,4,1,5,0.00647668393782383
1713,389,4,1,5,0.00647668393782383
1714,389,6,2,8,0.0103626943005181
1715,389,4,1,5,0.00647668393782383
1716,150,5,2,7,0.00906735751295337
1717,150,141,9,150,0.194300518134715
1718,389,6,2,8,0.0103626943005181
1719,389,4,1,5,0.00647668393782383
1720,100,20,5,25,0.0324254215304799
1721,389,4,1,5,0.00648508430609598
1722,150,363,15,378,0.490272373540856
1723,432,10,6,16,0.0207522697795071
1724,150,30,5,35,0.0453955901426719
1725,150,7,2,9,0.0116731517509728
1726,389,5,1,6,0.00778210116731518
1727,389,5,2,7,0.00907911802853437
1728,150,22,12,34,0.0440985732814527
1729,150,28,8,36,0.0466926070038911
1730,389,4,1,5,0.00648508430609598
1731,150,8,5,13,0.0168612191958495
1732,389,3,1,4,0.00518806744487678
1733,389,5,2,7,0.00907911802853437
1734,389,5,1,6,0.00778210116731518
1735,389,5,1,6,0.00779220779220779
1736,766,7,5,12,0.0155844155844156
1737,150,336,5,341,0.442857142857143
1738,389,4,1,5,0.00649350649350649
1739,389,5,1,6,0.00779220779220779
1740,150,33,13,46,0.0597402597402597
1741,150,29,3,32,0.0415584415584416
1742,389,6,2,8,0.0103896103896104
1743,150,5,2,7,0.00909090909090909
1744,389,6,2,8,0.0103896103896104
1745,150,11,4,15,0.0194805194805195
1746,389,4,1,5,0.00649350649350649
1747,389,4,1,5,0.00650195058517555
1748,150,36,12,48,0.0624187256176853
1749,389,4,1,5,0.00650195058517555
1750,100,8,3,11,0.0143042912873862
1751,389,4,1,5,0.00650195058517555
1752,67,83,4,87,0.113133940182055
1753,389,4,1,5,0.00650195058517555
1754,546,106,26,132,0.171651495448635
1755,150,190,52,242,0.314694408322497
1756,150,21,6,27,0.035110533159948
1757,150,22,11,33,0.04296875
1758,389,5,2,7,0.00911458333333333
1759,389,4,1,5,0.00651041666666667
1760,389,4,1,5,0.00651041666666667
1761,389,4,1,5,0.00651041666666667
1762,389,5,2,7,0.00911458333333333
1763,389,4,1,5,0.00651041666666667
1764,493,111,5,116,0.151238591916558
1765,389,11,5,16,0.0208604954367666
1766,150,29,5,34,0.0443285528031291
1767,150,5,2,7,0.0091264667535854
1768,389,6,3,9,0.0117340286831812
1769,389,5,1,6,0.00782268578878748
1770,389,4,1,5,0.00651890482398957
1771,150,32,7,39,0.0508474576271186
1772,64,83,12,95,0.12402088772846
1773,150,13,8,21,0.0274151436031332
1774,150,8,5,13,0.0169712793733681
1775,150,7,6,13,0.0169712793733681
1776,150,30,6,36,0.0469973890339426
1777,150,36,5,41,0.0535248041775457
1778,150,37,3,40,0.0522193211488251
1779,389,4,1,5,0.00652741514360313
1780,389,4,1,5,0.00652741514360313
1781,150,134,19,153,0.199738903394256
1782,150,24,6,30,0.0391644908616188
1783,729,25,10,35,0.0456919060052219
1784,389,6,1,7,0.00915032679738562
1785,389,10,3,13,0.0169934640522876
1786,389,4,1,5,0.0065359477124183
1787,606,12,11,23,0.0300653594771242
1788,389,3,1,4,0.00522875816993464
1789,389,3,1,4,0.00522875816993464
1790,389,8,6,14,0.0183006535947712
1791,389,3,1,4,0.00522875816993464
1792,389,4,1,5,0.0065359477124183
1793,389,53,43,96,0.125490196078431
1794,389,3,1,4,0.00522875816993464
1795,150,7,5,12,0.0157068062827225
1796,389,6,1,7,0.00916230366492147
1797,64,229,63,292,0.382198952879581
1798,150,12,3,15,0.0196335078534031
1799,389,5,1,6,0.00785340314136126
1800,389,20,9,29,0.0379581151832461
1801,150,5,2,7,0.00916230366492147
1802,389,5,1,6,0.00785340314136126
1803,389,5,1,6,0.00785340314136126
1804,557,23,16,39,0.0510471204188482
1805,150,10,5,15,0.0196592398427261
1806,389,5,1,6,0.00786369593709043
1807,389,6,1,7,0.00917431192660551
1808,389,4,1,5,0.00655307994757536
1809,389,8,3,11,0.0144167758846658
1810,150,6,3,9,0.0117955439056356
1811,150,33,12,45,0.0589777195281782
1812,389,3,1,4,0.00524246395806029
1813,389,3,1,4,0.005249343832021
1814,389,16,12,28,0.036745406824147
1815,762,5,7,12,0.015748031496063
1816,150,102,33,135,0.177165354330709
1819,64,312,94,406,0.532808398950131
1820,389,4,1,5,0.00656167979002625
1821,389,5,2,7,0.00918635170603675
1822,389,4,1,5,0.00656167979002625
1823,762,4,5,9,0.0118110236220472
1824,389,6,2,8,0.0105124835742444
1825,150,8,3,11,0.0144546649145861
1826,389,4,1,5,0.00657030223390276
1827,389,5,1,6,0.00788436268068331
1828,389,24,14,38,0.049934296977661
1829,389,5,1,6,0.00788436268068331
1830,10,355,18,373,0.490144546649146
1831,389,4,1,5,0.00657894736842105
1832,150,27,5,32,0.0421052631578947
1833,150,161,8,169,0.222368421052632
1834,150,5,2,7,0.00922266139657444
1835,150,5,2,7,0.00922266139657444
1836,389,3,1,4,0.00527009222661397
1837,150,5,2,7,0.00922266139657444
1838,150,8,3,11,0.0144927536231884
1839,389,6,1,7,0.00922266139657444
1840,389,13,7,20,0.0263852242744063
1841,389,5,1,6,0.0079155672823219
1842,389,5,1,6,0.0079155672823219
1843,389,5,1,6,0.0079155672823219
1844,389,9,5,14,0.0184696569920844
1845,64,117,13,130,0.171730515191546
1846,389,7,1,8,0.0105680317040951
1847,422,10,4,14,0.0184940554821664
1848,389,7,2,9,0.011889035667107
1849,389,4,1,5,0.00660501981505945
1850,389,8,5,13,0.0171730515191546
1851,389,5,2,7,0.00924702774108322
1852,389,4,1,5,0.00660501981505945
1853,389,4,1,5,0.00660501981505945
1854,150,5,2,7,0.00924702774108322
1855,150,6,2,8,0.0105680317040951
1856,389,8,2,10,0.0132100396301189
1857,389,4,1,5,0.00660501981505945
1858,150,6,4,10,0.0132275132275132
1859,150,40,19,59,0.078042328042328
1860,150,8,5,13,0.0171957671957672
1861,389,4,1,5,0.00661375661375661
1862,389,63,44,107,0.141534391534392
1863,389,4,1,5,0.00661375661375661
1864,389,4,1,5,0.00661375661375661
1865,389,4,1,5,0.00661375661375661
1866,389,6,1,7,0.00925925925925926
1867,150,64,20,84,0.111111111111111
1868,389,5,1,6,0.00793650793650794
1869,150,21,5,26,0.0344370860927152
1870,150,8,7,15,0.0198675496688742
1871,150,8,4,12,0.0158940397350993
1872,389,4,1,5,0.00662251655629139
1873,150,23,7,30,0.0397350993377483
1874,150,45,27,72,0.095364238410596
1875,150,5,2,7,0.00927152317880795
1876,389,4,1,5,0.00662251655629139
1877,389,4,1,5,0.00662251655629139
1878,389,18,12,30,0.0397877984084881
1879,432,7,3,10,0.013262599469496
1880,585,67,4,71,0.0941644562334217
1881,150,23,16,39,0.051792828685259
1882,389,4,1,5,0.00664010624169987
1883,150,6,3,9,0.0119521912350598
1884,64,152,6,158,0.209827357237716
1885,389,4,1,5,0.00664010624169987
1886,389,5,2,7,0.00929614873837981
1887,389,4,1,5,0.00664010624169987
1888,433,5,2,7,0.00929614873837981
1889,390,151,5,156,0.207446808510638
1890,150,39,10,49,0.0651595744680851
1891,412,16,9,25,0.0332446808510638
1892,389,4,1,5,0.00664893617021277
1893,389,5,2,7,0.00930851063829787
1894,150,10,5,15,0.0199733688415446
1895,389,8,4,12,0.0159786950732357
1896,389,4,1,5,0.0066577896138482
1897,389,5,1,6,0.00798934753661784
1898,389,5,1,6,0.00798934753661784
1899,389,4,1,5,0.0066577896138482
1900,399,33,5,38,0.0505992010652463
1901,389,4,1,5,0.0066577896138482
1902,150,7,2,9,0.0119840213049268
1903,389,4,1,5,0.0066577896138482
1904,150,85,16,101,0.134487350199734
1905,389,4,1,5,0.0066577896138482
1906,389,4,1,5,0.0066577896138482
1907,389,4,1,5,0.0066577896138482
1908,150,17,6,23,0.0306258322237017
1909,389,4,1,5,0.0066577896138482
1910,389,7,2,9,0.012
1911,389,4,1,5,0.00666666666666667
1912,67,90,7,97,0.129333333333333
1913,150,25,11,36,0.048
1914,389,5,1,6,0.008
1915,150,9,4,13,0.0173333333333333
1916,389,6,2,8,0.0106666666666667
1917,150,170,35,205,0.273333333333333
1918,389,4,1,5,0.00666666666666667
1919,389,4,1,5,0.00666666666666667
1920,389,3,1,4,0.00533333333333333
1921,389,3,1,4,0.00533333333333333
1922,389,4,2,6,0.00801068090787717
1923,429,11,5,16,0.0213618157543391
1924,389,3,1,4,0.00534045393858478
1925,64,119,6,125,0.166889185580774
1926,389,3,1,4,0.00534045393858478
1927,389,3,1,4,0.00534045393858478
1928,150,27,10,37,0.0493991989319092
1929,725,15,6,21,0.0280373831775701
1930,389,4,2,6,0.00801068090787717
1931,389,3,1,4,0.00534045393858478
1932,389,3,1,4,0.00534045393858478
1933,389,4,2,6,0.00801068090787717
1934,389,3,1,4,0.00534045393858478
1935,150,8,4,12,0.0160213618157543
1936,389,3,1,4,0.00534045393858478
1937,389,4,2,6,0.00801068090787717
1938,389,3,1,4,0.00534045393858478
1939,389,3,1,4,0.0053475935828877
1940,389,3,1,4,0.0053475935828877
1941,389,3,1,4,0.0053475935828877
1942,389,3,1,4,0.0053475935828877
1943,389,3,1,4,0.0053475935828877
1944,389,8,6,14,0.018716577540107
1945,389,5,1,6,0.00802139037433155
1946,389,7,1,8,0.0106951871657754
1947,730,10,7,17,0.0227272727272727
1948,150,11,3,14,0.018716577540107
1949,389,6,2,8,0.0106951871657754
1950,389,6,2,8,0.0106951871657754
1951,150,9,9,18,0.0240641711229947
1952,389,5,1,6,0.00803212851405622
1953,389,5,1,6,0.00803212851405622
1954,150,8,3,11,0.0147255689424364
1955,389,4,1,5,0.00669344042838019
1956,150,8,4,12,0.0160642570281124
1957,389,5,1,6,0.00803212851405622
1959,389,5,1,6,0.00803212851405622
1960,389,7,2,9,0.0120643431635389
1961,389,5,1,6,0.00804289544235925
1962,150,8,5,13,0.017426273458445
1963,389,8,4,12,0.0160857908847185
1964,389,5,1,6,0.00805369127516779
1965,744,4,3,7,0.00939597315436242
1966,389,4,1,5,0.00671140939597315
1967,100,15,8,23,0.0308724832214765
1968,150,11,3,14,0.0187919463087248
1969,389,5,1,6,0.00806451612903226
1970,150,367,9,376,0.505376344086022
1971,150,9,3,12,0.0161290322580645
1972,389,14,5,19,0.0255376344086022
1973,150,38,3,41,0.0551075268817204
1974,389,18,6,24,0.032258064516129
1975,389,11,3,14,0.0188172043010753
1976,101,74,7,81,0.108870967741935
1977,389,6,1,7,0.00940860215053763
1978,389,5,1,6,0.00806451612903226
1979,389,7,1,8,0.010752688172043
1980,389,6,1,7,0.00940860215053763
1981,150,9,2,11,0.0148048452220727
1982,150,21,6,27,0.0363391655450875
1983,150,16,4,20,0.0269179004037685
1984,389,7,1,8,0.0107671601615074
1985,431,6,2,8,0.0107671601615074
1986,740,8,4,12,0.0161507402422611
1987,389,8,1,9,0.0121130551816958
1988,389,11,3,14,0.018842530282638
1989,389,14,6,20,0.0269179004037685
1990,150,11,5,16,0.0215343203230148
1991,389,7,1,8,0.0107671601615074
1992,150,7,2,9,0.0121293800539084
1993,150,12,3,15,0.0202156334231806
1994,150,21,8,29,0.0390835579514825
1995,389,5,1,6,0.00808625336927224
1996,389,6,3,9,0.0121293800539084
1997,389,3,1,4,0.00539083557951483
1998,389,10,4,14,0.0188679245283019
1999,389,4,1,5,0.00673854447439353
2000,389,4,1,5,0.00673854447439353
2001,389,3,1,4,0.00539083557951483
2002,741,6,5,11,0.0148247978436658
2003,389,3,1,4,0.00539083557951483
2004,389,3,1,4,0.00539083557951483
2005,389,3,1,4,0.00539811066126856
2006,150,364,4,368,0.496626180836707
2007,389,3,1,4,0.00539811066126856
2008,389,3,1,4,0.00539811066126856
2009,389,4,1,5,0.0067476383265857
2010,150,9,4,13,0.0175438596491228
2011,150,8,2,10,0.0134952766531714
2012,150,21,5,26,0.0350877192982456
2013,389,5,1,6,0.00810810810810811
2014,731,17,11,28,0.0378378378378378
2015,640,109,6,115,0.155405405405405
2016,150,159,21,180,0.243243243243243
2017,389,7,2,9,0.0121621621621622
2018,389,8,3,11,0.0148648648648649
2019,387,3,2,5,0.00675675675675676
2020,482,85,7,92,0.124492557510149
2021,150,14,8,22,0.0297699594046008
2022,150,8,3,11,0.0148849797023004
2023,150,359,4,363,0.491204330175913
2024,150,6,2,8,0.0108254397834912
2025,389,5,1,6,0.00813008130081301
2026,738,4,4,8,0.010840108401084
2027,389,5,1,6,0.00813008130081301
2028,389,3,1,4,0.00542005420054201
2029,713,31,9,40,0.0542005420054201
2030,150,9,4,13,0.0176151761517615
2031,150,36,3,39,0.0528455284552846
2032,389,3,1,4,0.00542005420054201
2033,389,15,8,23,0.0311653116531165
2034,389,5,1,6,0.00814111261872456
2035,389,3,1,4,0.00542740841248304
2036,150,10,4,14,0.0189959294436906
2037,389,8,4,12,0.0162822252374491
2038,731,11,7,18,0.0244233378561737
2039,389,10,4,14,0.0189959294436906
2040,150,8,2,10,0.0135685210312076
2041,389,3,1,4,0.00542740841248304
2042,389,5,1,6,0.00814111261872456
2043,150,16,7,23,0.0312075983717775
2044,150,7,4,11,0.0149253731343284
2045,150,9,3,12,0.0162822252374491
2046,717,13,5,18,0.0244233378561737
2047,389,3,1,4,0.00543478260869565
2048,150,16,5,21,0.0285326086956522
2049,389,6,2,8,0.0108695652173913
2051,389,4,2,6,0.00815217391304348
2052,389,22,12,34,0.046195652173913
2053,735,8,6,14,0.0190217391304348
2054,389,5,1,6,0.00815217391304348
2055,150,24,3,27,0.0366847826086957
2056,389,5,1,6,0.00815217391304348
2057,389,5,1,6,0.00815217391304348
2058,389,6,1,7,0.00951086956521739
2059,389,4,1,5,0.00679347826086957
2060,654,90,9,99,0.13469387755102
2061,11,376,151,527,0.717006802721088
2062,150,8,2,10,0.0136054421768707
2063,724,15,4,19,0.0258503401360544
2064,67,176,70,246,0.33469387755102
2065,389,4,2,6,0.00816326530612245
2066,389,3,1,4,0.0054421768707483
2067,389,19,7,26,0.0353741496598639
2068,389,5,2,7,0.00952380952380952
2069,389,15,8,23,0.0313351498637602
2070,389,5,1,6,0.00817438692098093
2071,731,10,7,17,0.0231607629427793
2072,389,5,2,7,0.00953678474114441
2073,100,10,3,13,0.0177111716621253
2074,389,5,1,6,0.00817438692098093
2075,732,5,8,13,0.0177111716621253
2076,389,3,1,4,0.00545702592087312
2077,150,8,2,10,0.0136425648021828
2078,389,3,1,4,0.00545702592087312
2079,430,5,3,8,0.0109289617486339
2080,389,10,5,15,0.0204918032786885
2081,430,311,10,321,0.438524590163934
2082,389,5,1,6,0.00819672131147541
2083,64,159,26,185,0.252732240437158
2084,150,14,8,22,0.0300546448087432
2085,150,7,3,10,0.0136612021857923
2086,150,8,4,12,0.0163934426229508
2087,150,8,3,11,0.0150273224043716
2088,389,5,1,6,0.00819672131147541
2089,150,15,5,20,0.027359781121751
2090,389,5,1,6,0.00820793433652531
2091,389,11,3,14,0.0191518467852257
2092,150,18,5,23,0.0314637482900137
2093,389,3,1,4,0.00547195622435021
2094,389,3,1,4,0.00547195622435021
2095,389,8,2,10,0.0136798905608755
2096,389,5,1,6,0.00820793433652531
2097,389,3,1,4,0.00547195622435021
2098,389,3,1,4,0.00547195622435021
2099,150,73,8,81,0.110807113543092
2100,433,5,2,7,0.00958904109589041
2101,336,11,9,20,0.0273972602739726
2104,492,234,5,239,0.327397260273973
2105,389,3,1,4,0.00547945205479452
2106,389,5,1,6,0.00821917808219178
2107,389,4,1,5,0.00684931506849315
2108,150,46,14,60,0.0821917808219178
2109,150,7,3,10,0.0136986301369863
2110,389,4,1,5,0.00684931506849315
2111,389,3,1,4,0.00547945205479452
2112,150,7,2,9,0.0123456790123457
2113,389,4,1,5,0.00685871056241427
2114,389,4,2,6,0.00823045267489712
2115,100,12,5,17,0.0233196159122085
2116,389,3,1,4,0.00548696844993141
2117,150,38,3,41,0.056241426611797
2118,668,92,41,133,0.182441700960219
2119,389,3,1,4,0.00549450549450549
2120,389,38,27,65,0.0892857142857143
2121,532,70,9,79,0.108516483516484
2122,389,4,1,5,0.00686813186813187
2123,150,7,2,9,0.0123626373626374
2124,544,23,10,33,0.0453296703296703
