18746,0,1,0,0,0,0,0,2,0,1,0,1,0,0,0,0,0,1,0,0,1,6
18748,0,1,0,0,0,0,0,3,1,1,1,4,0,0,0,0,0,0,0,3,0,13
18776,0,1,0,0,0,0,0,2,1,0,0,4,0,0,0,0,0,0,0,3,0,10
18791,0,1,0,0,0,0,0,2,1,0,0,4,0,0,0,0,0,0,0,3,0,10
18852,0,1,0,0,0,0,0,1,0,1,0,2,0,0,0,0,2,1,0,2,0,9
18860,0,1,0,0,0,0,0,2,1,1,0,3,0,0,0,0,0,1,0,2,0,10
18869,0,1,0,0,0,0,0,1,0,2,1,2,0,0,0,0,0,1,0,2,0,9
18870,0,1,0,0,0,0,0,2,1,0,0,3,0,0,0,0,0,0,0,3,0,9
18884,0,1,0,0,0,0,0,0,0,0,0,12,2,0,0,0,0,0,0,2,0,16
18886,1,0,0,0,0,0,0,0,0,1,0,7,2,0,0,0,0,0,0,4,1,15
18915,0,0,0,0,0,0,0,0,0,1,0,5,1,0,0,2,1,1,0,2,0,13
18920,0,1,0,0,0,0,0,2,1,0,0,4,0,0,0,0,0,0,0,3,0,10
19268,0,1,0,0,0,0,0,0,0,3,1,8,1,0,0,0,0,0,0,2,0,15
19282,0,1,0,0,0,0,0,0,2,2,2,6,3,0,0,0,0,0,0,0,0,15
19311,0,1,0,0,0,0,0,1,0,1,1,4,0,0,0,1,1,0,0,3,0,12
19354,0,1,0,0,0,0,0,2,1,1,0,2,0,0,0,0,0,1,0,2,0,9
19355,0,1,0,0,0,0,0,0,0,1,0,13,3,0,0,0,0,0,0,2,0,19
19412,0,1,0,0,0,0,0,0,0,0,0,10,2,0,0,0,0,0,0,3,0,15
19413,0,1,0,0,0,0,0,2,1,0,0,3,0,0,0,0,0,0,0,3,0,9
19425,0,1,0,0,0,0,0,0,0,1,0,11,2,0,0,0,0,0,0,2,0,16
19469,0,1,0,0,0,0,0,0,0,1,0,8,0,4,4,2,1,0,0,2,0,22
19510,0,1,0,0,0,0,0,1,0,0,0,5,1,0,0,0,0,0,0,3,0,10
19515,0,1,0,0,0,0,0,0,0,0,0,11,1,2,1,0,0,0,0,2,0,17
19518,0,1,0,0,0,0,0,0,0,0,0,13,1,1,1,0,0,0,0,2,0,18
19534,0,1,0,0,0,0,0,0,0,3,1,9,1,0,0,0,0,0,0,2,0,16
19554,0,0,0,0,0,0,0,0,0,1,0,5,2,0,0,0,0,0,0,2,0,10
19560,0,1,0,0,0,0,0,0,0,0,0,13,2,2,1,0,0,0,0,2,0,20
19570,0,1,0,0,0,0,0,2,1,1,0,2,0,0,0,0,0,1,0,2,0,9
19571,0,0,0,0,0,0,0,0,0,0,0,4,0,2,1,0,0,1,1,3,0,12
19572,0,0,0,1,0,0,0,0,0,3,2,4,3,0,2,3,0,0,0,2,0,19
19589,0,1,0,0,0,0,0,0,0,0,0,12,2,0,0,0,0,0,0,3,0,17
19591,0,1,0,0,0,0,0,1,0,1,1,4,0,0,0,0,0,0,0,3,0,10
19619,0,1,0,0,0,0,0,2,3,1,0,2,0,0,0,0,0,1,0,2,0,11
19677,0,1,0,0,0,0,0,2,1,1,0,3,0,0,0,0,0,1,0,2,0,10
19680,0,0,0,1,0,0,0,2,1,3,0,4,2,0,0,5,0,0,0,3,0,20
19687,0,0,0,0,0,1,0,1,1,0,0,6,1,1,1,0,0,0,0,6,0,17
19689,0,1,0,0,0,0,0,2,1,1,0,0,0,0,0,0,0,3,2,0,0,9
19706,0,1,0,0,0,0,0,0,0,2,0,11,3,0,0,0,0,1,0,27,16,60
19709,1,0,0,0,0,0,0,2,1,6,0,3,0,0,0,0,0,4,0,2,0,18
19717,0,1,0,0,0,0,0,2,1,1,0,3,0,0,0,0,0,1,0,2,0,10
19726,0,1,0,0,0,0,0,2,1,3,1,7,0,0,0,0,0,0,0,3,1,18
19743,0,1,0,0,0,0,0,0,0,0,0,8,0,4,1,1,1,0,0,2,0,17
19802,0,1,0,0,0,0,0,2,1,0,0,3,0,0,0,0,0,0,0,3,0,9
19838,0,1,0,0,0,0,0,0,0,5,1,7,1,0,0,0,0,0,0,2,0,16
19856,0,0,0,1,0,0,0,2,1,1,0,7,2,0,0,4,0,0,0,3,0,20
19875,0,0,0,1,0,0,0,0,0,3,0,4,0,1,1,5,0,0,0,5,0,19
19879,0,1,0,0,0,0,0,3,2,0,0,3,0,0,0,0,0,0,0,3,0,11
19892,0,0,0,0,1,0,0,0,0,5,6,4,0,1,0,0,0,11,7,4,3,41
19940,0,1,0,0,0,0,0,2,1,1,0,2,0,0,0,0,0,1,0,2,0,9
19962,0,1,0,0,0,0,0,0,0,4,2,9,1,0,0,0,0,0,0,2,0,18
27096,0,0,0,0,1,0,0,0,0,0,0,5,3,1,0,0,0,8,1,0,0,18
27140,0,0,0,0,1,0,0,0,0,0,0,3,0,1,0,0,0,5,1,0,0,10
27144,0,0,0,0,1,0,0,0,0,1,0,5,0,1,0,0,0,7,1,0,0,15
27148,0,0,0,0,1,0,0,0,0,0,0,2,0,0,0,0,0,13,1,1,1,18
27170,0,0,0,0,1,0,0,0,0,1,0,5,0,1,0,0,0,7,1,0,0,15
27173,0,0,0,0,1,0,0,0,0,1,0,4,0,1,0,0,0,7,1,0,0,14
27200,0,0,0,0,1,0,0,0,0,0,0,3,0,0,0,0,0,12,1,2,1,19
27217,0,0,0,0,1,0,0,0,0,2,2,5,1,1,0,0,0,8,1,0,0,20
27221,0,0,0,0,1,0,0,0,0,1,1,3,0,1,0,0,0,4,0,0,0,10
27227,0,0,0,0,1,0,0,0,0,0,0,5,0,1,0,0,0,9,2,0,0,17
27231,0,0,0,0,1,0,0,0,0,1,0,5,0,1,0,0,0,7,1,0,0,15
27235,0,0,0,0,1,0,0,0,0,0,1,4,0,2,1,0,0,3,0,0,0,11
27236,0,0,0,0,1,0,0,0,0,0,0,3,0,1,0,0,0,4,1,0,0,9
27238,0,0,0,0,1,0,0,0,0,0,0,3,0,2,1,0,0,3,0,0,0,9
27256,0,0,0,0,1,0,0,0,0,0,0,4,0,2,1,0,0,3,0,0,0,10
27267,0,0,0,0,1,0,0,0,0,1,0,4,0,1,0,0,0,7,1,0,0,14
27268,0,0,0,0,1,0,0,0,0,1,0,4,0,1,0,0,0,7,1,0,0,14
27271,0,1,0,0,0,0,0,0,0,0,0,5,0,0,0,0,0,13,4,0,0,22
27272,0,0,0,0,1,0,0,0,0,0,0,5,1,1,0,0,0,9,2,0,0,18
27275,0,0,0,0,1,0,0,1,1,1,0,4,0,1,0,0,0,6,0,0,0,14
27277,0,0,0,0,1,0,0,0,0,1,0,5,0,1,0,0,0,7,1,0,0,15
27278,0,0,0,0,1,0,0,0,0,4,1,4,1,0,0,0,0,9,0,0,0,19
27284,0,0,0,0,1,0,0,0,1,3,1,4,1,0,0,0,0,11,2,0,0,23
27311,0,1,0,0,0,0,0,0,1,0,0,9,3,0,0,4,1,5,1,4,0,28
27320,0,0,0,0,1,0,0,0,0,1,0,4,0,1,0,0,0,7,1,0,0,14
27325,0,1,0,0,0,0,0,0,0,1,0,9,1,0,0,0,0,6,1,10,4,32
27330,0,0,0,0,1,0,0,0,0,2,1,6,0,2,0,0,0,4,0,0,0,15
27342,0,0,0,0,1,0,0,0,0,1,0,6,1,1,0,0,0,8,1,0,0,18
27351,0,0,0,0,1,0,0,1,1,0,0,3,0,1,0,0,0,4,0,0,0,10
27359,0,0,0,0,1,0,0,0,0,1,0,6,1,1,0,0,0,8,1,0,0,18
27360,0,0,0,0,1,0,0,0,0,0,0,3,0,0,0,0,0,13,2,0,0,18
27381,0,0,0,0,1,0,0,0,0,0,0,5,1,1,0,0,0,8,1,0,0,16
27390,0,0,0,0,1,0,0,0,0,1,0,5,0,1,0,0,0,7,1,0,0,15
27394,0,0,0,0,1,0,0,1,1,1,0,5,0,1,0,0,0,6,0,0,0,15
27409,0,0,0,0,1,0,0,0,0,0,0,4,1,0,0,0,0,11,2,1,0,19
27416,0,0,0,0,1,0,0,0,0,0,0,4,0,2,1,0,0,3,0,0,0,10
27428,0,0,0,0,1,0,0,0,0,0,0,4,0,2,1,0,0,3,0,0,0,10
27431,0,0,0,0,1,0,0,0,0,1,0,4,0,1,0,0,0,7,1,0,0,14
27437,0,0,0,0,1,0,0,0,1,1,0,3,0,1,0,0,0,4,0,0,0,10
27439,0,0,0,0,1,0,0,0,0,1,0,5,1,1,0,0,0,7,0,1,1,17
27444,0,0,0,0,1,0,0,0,0,1,1,4,0,2,1,0,0,3,0,0,0,12
27448,0,0,0,0,1,0,0,0,0,0,0,3,0,1,0,1,1,3,0,0,0,9
27462,0,0,0,0,1,0,0,1,2,0,0,2,0,0,0,0,0,11,1,0,0,17
27473,0,0,0,0,1,0,0,0,0,0,0,4,0,0,0,0,0,11,1,2,1,19
27480,0,0,0,0,1,0,0,0,0,2,1,4,0,1,0,0,0,8,1,0,0,17
27481,0,0,0,0,1,0,0,0,0,1,1,5,1,1,0,0,0,8,0,0,1,18
27496,0,0,0,0,1,0,0,0,0,1,0,5,1,1,0,0,0,8,1,0,0,17
27501,0,0,0,0,1,0,0,0,0,1,0,5,0,1,0,0,0,7,1,0,0,15
27514,0,0,0,0,1,0,0,0,0,0,0,3,0,0,0,0,0,13,1,1,1,19
27518,0,0,0,0,1,0,0,0,0,1,0,5,0,1,0,0,0,7,1,0,0,15
27536,0,0,0,0,1,0,0,0,0,2,1,4,0,1,0,0,0,8,1,0,0,17
27538,0,0,0,0,1,0,0,0,0,1,0,4,0,1,0,0,0,7,1,0,0,14
27544,0,0,0,0,1,0,0,0,0,0,0,3,0,0,0,0,0,13,1,1,1,19
27562,0,0,0,0,1,0,0,0,0,1,0,5,0,1,0,0,0,7,1,0,0,15
27570,0,1,0,0,0,0,0,0,0,4,2,11,3,0,0,0,0,5,1,4,0,30
27574,0,0,0,0,1,0,0,0,0,0,0,3,0,2,1,0,0,3,0,0,0,9
27578,0,0,0,0,1,0,0,0,0,1,0,4,0,1,0,0,0,7,1,0,0,14
27582,0,0,0,0,1,0,0,0,0,1,0,6,2,1,0,0,0,7,1,0,0,18
27587,0,0,0,0,1,0,0,0,0,2,1,4,0,1,0,0,0,8,1,0,0,17
27588,0,0,0,0,1,0,0,0,0,0,0,2,0,0,0,0,0,14,3,0,0,19
27616,0,0,0,0,1,0,0,0,0,0,0,3,0,0,0,0,0,15,5,0,0,23
27620,0,0,0,0,1,0,0,0,0,0,0,4,1,1,0,0,0,4,0,0,0,10
27640,0,0,0,0,1,0,0,0,0,1,0,4,0,1,0,0,0,7,1,0,0,14
27646,0,0,0,0,1,0,0,0,0,1,0,4,0,1,0,0,0,7,1,0,0,14
27658,0,0,0,0,1,0,0,0,0,0,0,5,1,2,1,0,0,9,0,0,0,18
27667,0,0,0,0,1,0,0,0,0,0,0,6,1,1,0,0,0,7,0,1,1,17
27675,0,0,0,0,1,0,0,0,0,0,0,5,0,2,1,0,0,8,1,0,0,17
27677,0,0,0,0,1,0,0,2,2,0,0,3,0,0,0,0,0,13,3,1,1,25
27687,0,0,0,0,1,0,0,0,0,2,1,4,0,1,0,0,0,8,1,0,0,17
27712,0,0,0,0,1,0,0,0,0,0,0,6,1,1,0,0,0,8,1,0,0,17
27735,0,0,0,0,1,0,0,0,0,0,0,3,0,2,1,0,0,3,0,0,0,9
27736,0,0,0,0,1,0,0,0,0,1,0,4,0,1,0,0,0,7,1,0,0,14
27739,0,0,0,0,1,0,0,0,0,1,0,4,0,1,0,0,0,8,2,0,0,16
27740,0,0,0,0,1,0,0,0,0,1,0,4,0,1,0,0,0,7,1,0,0,14
27754,0,0,0,0,1,0,0,0,0,1,0,5,0,1,0,0,0,7,1,0,0,15
27767,0,0,0,0,1,0,0,0,0,0,0,4,0,2,3,0,0,3,0,0,0,12
27774,0,0,0,0,1,0,0,0,0,0,0,3,1,0,0,0,0,13,2,0,0,19
27785,0,0,0,0,1,0,0,0,0,0,0,5,1,1,0,0,0,8,1,0,0,16
27808,0,0,0,0,1,0,0,2,1,0,0,3,0,0,0,0,0,9,0,2,1,18
27814,0,0,0,0,1,0,0,0,0,1,0,6,1,1,0,0,0,8,1,0,0,18
27815,0,0,0,0,1,0,0,0,0,0,0,3,0,0,1,0,0,14,5,0,0,23
27847,0,0,0,0,1,0,0,1,0,0,0,3,0,0,0,0,0,9,1,3,1,18
27851,0,0,0,0,1,0,0,0,0,0,0,4,0,2,1,0,0,3,0,0,0,10
27852,0,0,0,0,1,0,0,0,0,0,0,3,0,2,1,0,0,3,0,0,0,9
27854,0,0,0,0,1,0,0,0,0,0,0,5,1,1,0,0,0,8,1,0,0,16
27867,0,0,0,0,1,0,0,0,0,0,0,6,3,1,0,0,0,11,2,1,2,26
27873,0,0,0,0,1,0,0,0,0,0,0,5,1,1,0,0,0,8,1,0,0,16
27881,0,0,0,0,1,0,0,0,0,1,0,4,0,1,0,0,0,7,2,0,0,15
27889,0,0,0,0,1,0,0,0,0,0,0,4,0,2,1,0,0,3,0,0,0,10
27898,0,0,0,0,1,0,0,0,0,0,0,3,0,2,1,0,0,3,0,0,0,9
27913,0,0,0,0,1,0,0,0,0,2,1,4,0,1,0,0,0,7,0,2,3,20
27914,0,0,0,0,1,0,0,0,0,0,0,4,0,1,0,0,0,5,1,0,0,11
27915,0,0,0,0,1,0,0,0,0,2,1,4,0,1,0,0,0,4,0,0,0,12
27938,0,0,0,0,1,0,0,0,0,0,0,3,0,0,0,0,0,12,1,2,1,19
27944,0,0,0,0,1,0,0,0,0,1,0,5,1,1,0,0,0,8,1,0,0,17
27946,0,0,0,0,1,0,0,0,0,1,0,5,0,1,0,0,0,7,1,0,0,15
27948,0,0,0,0,1,0,0,0,0,0,0,3,0,3,2,0,0,3,0,0,0,11
27977,0,0,0,0,1,0,0,0,0,2,1,4,0,1,0,0,0,8,1,0,0,17
27987,0,0,0,0,1,0,0,0,0,1,0,6,1,1,0,0,0,8,1,0,0,18
27988,0,0,0,0,1,0,0,0,0,0,0,4,1,0,0,0,0,11,4,0,0,20
27998,0,0,0,0,1,0,0,0,0,0,0,5,1,1,0,0,0,8,1,0,0,16
28001,0,0,0,0,1,0,0,0,0,2,1,5,0,1,0,0,0,8,1,0,0,18
28007,0,0,0,0,1,0,0,0,0,0,0,5,1,1,0,0,0,8,1,0,0,16
28021,0,0,0,0,1,0,0,0,0,1,0,5,0,1,0,0,0,7,1,0,0,15
28022,0,0,0,0,1,0,0,0,0,0,0,6,1,1,0,0,0,10,4,0,0,22
28029,0,0,0,0,1,0,0,0,0,0,0,4,0,2,1,0,0,3,0,0,0,10
28030,0,1,0,0,0,0,0,0,0,1,0,13,5,0,0,0,0,4,0,11,5,39
28043,0,0,0,0,1,0,0,0,0,0,0,3,0,0,0,0,0,12,2,0,0,17
28478,0,0,0,0,0,0,1,3,0,0,0,2,0,0,0,0,0,12,4,0,0,21
28479,0,0,0,0,1,0,0,0,0,0,0,2,0,0,0,0,0,13,2,0,0,17
28480,0,0,0,0,0,0,0,0,0,0,0,2,0,0,0,1,1,6,2,0,0,12
28507,0,1,0,0,0,0,0,2,1,0,0,4,0,0,0,0,0,0,0,3,0,10
28512,0,0,0,0,0,1,0,1,1,2,0,5,1,6,2,0,0,0,0,10,1,29
28523,0,1,0,0,0,0,0,0,0,0,0,12,1,2,1,0,0,0,0,2,0,18
28534,0,0,1,0,0,0,0,6,0,1,1,4,0,8,2,2,1,0,0,5,3,33
28536,0,1,0,0,0,0,0,5,3,5,3,16,6,0,0,0,0,1,1,6,2,48
28543,0,1,0,0,0,0,0,0,0,0,0,8,0,2,1,2,1,0,0,3,0,17
28558,0,1,0,0,0,0,0,2,1,0,0,3,0,0,0,0,0,0,0,3,0,9
28625,0,0,0,0,0,0,1,4,1,0,0,5,0,0,0,2,0,0,0,3,0,15
28654,0,1,0,0,0,0,0,0,0,2,1,8,0,0,0,0,0,2,0,9,3,25
28664,0,1,0,0,0,0,0,2,1,1,0,3,0,0,0,0,0,1,0,2,0,10
28718,0,0,0,0,1,0,0,1,0,2,0,9,4,0,0,1,0,3,0,2,0,22
28763,0,1,0,0,0,0,0,1,0,0,0,3,0,0,0,1,2,0,0,3,0,10
28815,0,1,0,0,0,0,0,0,0,1,0,11,1,2,1,0,0,0,0,2,0,18
28844,0,1,0,0,0,0,0,2,1,0,0,3,0,0,0,0,0,0,0,3,0,9
28892,0,1,0,0,0,0,0,1,0,1,3,4,0,0,0,0,0,0,0,3,0,12
28901,0,1,0,0,0,0,0,0,0,2,0,11,3,0,0,0,0,1,0,8,2,27
28925,0,1,0,0,0,0,0,0,0,1,0,14,4,0,0,0,0,0,0,2,0,21
28926,0,1,0,0,0,0,0,0,0,3,1,11,3,2,1,0,0,0,0,2,0,23
28928,0,0,1,0,0,0,0,2,1,0,0,7,2,5,0,0,0,0,0,2,0,19
28950,0,1,0,0,0,0,0,2,1,0,0,3,0,0,0,0,0,0,0,3,0,9
28953,0,1,0,0,0,0,0,0,0,0,0,13,2,0,0,0,0,0,0,3,0,18
28997,0,1,0,0,0,0,0,0,0,0,0,15,3,0,0,0,0,0,0,2,0,20
29002,0,1,0,0,0,0,0,0,0,3,1,8,0,0,0,0,0,2,1,5,0,20
29011,0,0,0,1,0,0,0,0,0,5,2,5,3,2,1,4,0,0,0,2,0,24
29019,0,1,0,0,0,0,0,0,0,0,0,13,1,1,1,0,0,0,0,2,0,18
29084,0,1,0,0,0,0,0,0,0,0,0,13,2,0,0,0,0,0,0,2,0,17
29088,0,1,0,0,0,0,0,0,0,0,0,14,3,2,1,0,0,0,0,2,0,22
29117,0,1,0,0,0,0,0,0,0,1,1,13,1,0,0,1,1,1,1,2,0,22
29153,0,1,0,0,0,0,0,0,0,4,1,9,1,0,0,0,0,0,0,2,0,17
29174,0,1,0,0,0,0,0,2,1,1,0,3,0,0,0,0,0,1,0,2,0,10
29221,0,1,0,0,0,0,0,0,0,0,0,11,1,2,1,0,0,0,0,2,0,17
29244,0,1,0,0,0,0,0,0,0,0,0,12,2,0,0,0,0,0,0,2,0,16
29252,0,1,0,0,0,0,0,0,0,0,0,14,3,0,0,0,0,0,0,2,0,19
29256,0,1,0,0,0,0,0,2,1,0,0,4,0,0,0,0,0,0,0,3,0,10
29271,0,1,0,0,0,0,0,2,1,1,0,3,0,0,0,0,0,1,0,2,0,10
29291,0,1,0,0,0,0,0,0,1,2,0,8,0,1,3,1,0,2,0,6,0,24
29319,0,1,0,0,0,0,0,2,1,1,0,2,0,0,0,0,0,1,0,2,0,9
29336,0,1,0,0,0,0,0,0,0,0,0,14,2,0,0,0,0,0,0,2,0,18
29385,0,0,1,0,0,0,0,4,1,0,0,0,0,12,2,0,0,0,0,0,0,19
29405,0,0,1,0,0,0,0,4,1,0,0,4,1,7,1,0,0,0,0,0,0,18
29437,0,1,0,0,0,0,0,3,2,1,0,6,0,5,3,0,0,1,0,4,1,26
29451,0,0,1,0,0,0,0,2,0,2,1,2,0,2,0,0,0,0,0,1,0,10
29483,0,0,1,0,0,0,0,4,0,1,1,0,0,9,1,0,0,0,0,0,0,16
29491,0,0,1,0,0,0,0,3,0,3,2,0,0,3,0,0,0,0,0,0,0,11
29495,0,0,1,0,0,0,0,3,0,2,2,1,0,3,0,0,0,0,0,0,0,11
29539,0,0,1,0,0,0,0,3,0,2,1,1,0,3,0,0,0,0,0,0,0,10
29543,1,0,0,0,0,0,0,3,1,3,0,0,0,6,3,0,0,4,5,0,0,25
29552,0,0,1,0,0,0,0,3,0,1,1,1,0,8,1,0,0,0,0,1,0,16
29557,0,0,1,0,0,0,0,3,0,2,1,1,0,3,0,0,0,0,0,0,0,10
29566,0,0,1,0,0,0,0,2,0,1,0,3,2,2,0,0,0,0,0,1,0,11
29570,0,0,0,0,0,0,0,2,0,0,0,1,0,6,2,0,0,0,0,0,0,11
29593,0,0,1,0,0,0,0,3,0,2,1,1,0,3,0,0,0,0,0,0,0,10
29597,0,0,1,0,0,0,0,4,1,0,0,1,0,8,1,0,0,0,0,1,0,16
29641,0,0,1,0,0,0,0,3,0,0,0,1,0,6,0,0,0,0,0,4,2,16
29657,0,0,1,0,0,0,0,3,1,2,1,1,0,3,0,0,0,0,0,0,0,11
29658,0,0,1,0,0,0,0,3,0,0,0,0,0,11,1,1,1,0,0,0,0,17
29685,0,0,1,0,0,0,0,4,1,0,0,0,0,12,2,0,0,0,0,0,0,19
29691,0,0,1,0,0,0,0,3,0,2,1,1,0,3,0,0,0,0,0,0,0,10
29704,0,0,1,0,0,0,0,3,0,2,1,1,0,3,0,0,0,0,0,0,0,10
29721,0,0,1,0,0,0,0,4,0,1,0,2,1,5,0,0,0,0,0,1,0,14
29722,0,0,1,0,0,0,0,8,2,0,0,0,0,8,0,0,0,0,0,0,0,18
29747,0,0,1,0,0,0,0,3,0,2,1,1,0,3,0,0,0,0,0,0,0,10
29757,0,0,1,0,0,0,0,3,0,2,1,0,0,3,0,0,0,0,0,0,0,9
29770,0,0,1,0,0,0,0,3,0,0,0,0,0,11,2,0,0,0,0,0,0,16
29772,0,0,1,0,0,0,0,4,0,1,1,2,1,10,2,0,0,0,0,0,0,21
29784,0,0,1,0,0,0,0,2,0,2,0,1,0,2,0,0,0,0,0,2,2,11
29804,0,0,1,0,0,0,0,4,0,0,0,0,0,10,1,1,1,0,0,0,0,17
29805,0,0,1,0,0,0,0,3,0,2,1,1,0,3,0,0,0,0,0,0,0,10
29865,0,0,1,0,0,0,0,3,0,2,1,1,0,3,0,0,0,0,0,0,0,10
29873,0,0,1,0,0,0,0,4,0,0,0,0,0,9,3,0,0,0,0,2,1,19
29886,0,0,0,1,0,0,0,3,0,1,0,3,1,4,1,3,0,0,0,0,0,16
29898,0,0,1,0,0,0,0,4,0,0,0,0,0,8,2,0,0,0,0,1,0,15
29899,0,0,1,0,0,0,0,3,0,2,1,1,0,3,0,0,0,0,0,0,0,10
29900,0,0,1,0,0,0,0,3,0,2,1,0,0,3,0,0,0,0,0,0,0,9
29948,0,0,1,0,0,0,0,3,0,5,10,1,0,3,0,0,0,0,0,0,0,22
29957,0,0,0,1,0,0,0,3,0,3,0,0,0,4,1,5,0,0,0,2,0,18
29966,0,0,1,0,0,0,0,3,0,2,4,1,0,3,0,0,0,0,0,0,0,13
29988,0,0,1,0,0,0,0,8,2,0,0,0,0,8,0,0,0,0,0,0,0,18
29993,0,0,1,0,0,0,0,2,0,1,0,2,1,2,0,0,0,0,0,1,0,9
30009,0,0,1,0,0,0,0,4,1,0,0,0,0,12,3,0,0,0,0,0,0,20
30010,0,0,1,0,0,0,0,2,0,3,2,2,0,2,0,0,0,0,0,1,0,12
30052,0,0,1,0,0,0,0,3,0,2,1,1,0,3,0,0,0,0,0,0,0,10
30056,0,1,0,0,0,0,0,4,1,1,0,6,0,4,1,0,0,1,0,6,2,26
30084,0,0,1,0,0,0,0,2,0,1,0,1,1,2,0,0,0,0,0,1,0,8
30099,0,0,1,0,0,0,0,3,0,4,2,1,0,3,0,0,0,0,0,0,0,13
30111,0,0,1,0,0,0,0,2,0,2,1,1,0,2,0,0,0,0,0,1,0,9
30165,0,0,1,0,0,0,0,3,0,0,0,1,0,8,1,0,0,0,0,3,1,17
30182,0,0,1,0,0,0,0,3,0,0,0,0,0,11,1,1,1,0,0,0,0,17
30217,0,0,1,0,0,0,0,3,0,1,0,0,0,4,1,0,0,0,0,0,0,9
30220,0,0,1,0,0,0,0,3,0,1,1,0,0,10,1,2,1,0,0,0,0,19
30246,0,0,0,0,0,1,0,2,0,0,0,1,0,10,4,0,0,0,0,3,0,20
30262,0,0,1,0,0,0,0,3,0,0,0,3,1,6,1,0,0,0,0,1,0,15
30277,0,0,1,0,0,0,0,3,0,2,1,1,0,3,0,0,0,0,0,0,0,10
30328,0,1,0,0,0,0,0,2,0,1,0,5,0,6,1,2,1,1,0,4,0,23
30335,0,0,1,0,0,0,0,5,1,0,0,0,0,9,1,0,0,0,0,0,0,16
30361,0,0,1,0,0,0,0,4,1,0,0,0,0,9,1,2,1,0,0,0,0,18
30384,0,0,1,0,0,0,0,3,0,2,1,1,0,3,0,0,0,0,0,0,0,10
30394,0,0,1,0,0,0,0,3,0,0,0,0,0,10,1,2,1,0,0,0,0,17
30446,0,0,1,0,0,0,0,5,1,0,0,0,0,9,2,0,0,0,0,0,0,17
30448,0,0,1,0,0,0,0,4,1,1,0,0,0,3,0,0,0,0,0,0,0,9
30458,0,0,1,0,0,0,0,3,0,2,1,1,0,3,0,0,0,0,0,0,0,10
30460,0,0,1,0,0,0,0,6,3,0,0,0,0,8,0,0,0,0,0,0,0,17
30476,0,0,1,0,0,0,0,3,0,1,0,0,0,3,0,0,0,0,0,1,1,9
30481,0,0,1,0,0,0,0,2,0,1,0,2,1,2,0,0,0,0,0,1,0,9
30485,0,0,1,0,0,0,0,3,0,2,3,0,0,3,0,0,0,0,0,0,0,11
30492,0,0,1,0,0,0,0,3,0,2,1,0,0,3,0,0,0,0,0,0,0,9
30499,0,0,1,0,0,0,0,3,0,1,0,1,1,3,0,0,0,0,0,0,0,9
30538,0,0,1,0,0,0,0,3,0,1,0,0,0,3,2,0,0,0,0,0,0,9
30541,0,0,1,0,0,0,0,3,0,0,0,0,0,10,1,2,1,0,0,0,0,17
30542,0,0,1,0,0,0,0,3,0,2,1,1,0,3,0,0,0,0,0,0,0,10
30587,0,1,0,0,0,0,0,8,5,1,0,7,0,2,0,1,1,1,0,4,0,30
30588,0,0,0,0,0,0,1,10,2,0,0,2,1,5,1,3,0,0,0,0,0,24
30603,0,0,1,0,0,0,0,3,0,3,1,0,0,3,0,0,0,0,0,0,0,10
30611,0,0,1,0,0,0,0,2,0,3,2,2,0,2,0,0,0,0,0,1,0,12
30664,0,0,1,0,0,0,0,4,1,0,0,0,0,12,2,0,0,0,0,0,0,19
30666,0,0,1,0,0,0,0,3,0,2,1,0,0,3,0,0,0,0,0,0,0,9
30671,0,0,1,0,0,0,0,3,0,1,0,0,0,3,0,1,1,0,0,0,0,9
30712,0,0,1,0,0,0,0,3,0,2,2,1,0,3,0,0,0,0,0,0,0,11
30741,0,1,0,0,0,0,0,3,0,1,1,5,3,4,1,2,0,0,0,3,0,23
30775,0,0,1,0,0,0,0,4,0,0,0,0,0,11,2,0,0,0,0,0,0,17
30783,0,0,1,0,0,0,0,4,0,0,0,0,0,11,2,0,0,0,0,0,0,17
30819,0,0,1,0,0,0,0,2,0,2,1,1,0,2,0,0,0,0,0,1,0,9
30834,0,0,1,0,0,0,0,4,1,0,0,3,1,11,7,0,0,0,0,0,0,27
30842,0,0,1,0,0,0,0,3,0,0,0,0,0,12,5,0,0,0,0,0,0,20
30849,0,0,1,0,0,0,0,4,0,0,0,0,0,9,1,2,1,0,0,0,0,17
30856,0,1,0,0,0,0,0,3,0,1,0,5,0,3,0,0,0,1,0,5,2,20
30868,0,0,1,0,0,0,0,3,0,0,0,0,0,11,2,0,0,1,1,0,0,18
30875,0,1,0,0,0,0,0,6,2,4,3,6,0,3,0,0,0,1,0,3,0,28
30890,0,0,1,0,0,0,0,4,1,0,0,0,0,9,1,2,1,0,0,0,0,18
30921,0,0,1,0,0,0,0,3,0,1,0,0,0,3,0,1,1,0,0,0,0,9
30941,0,0,1,0,0,0,0,3,0,2,1,1,0,3,0,0,0,0,0,0,0,10
30955,0,0,1,0,0,0,0,3,0,4,3,1,0,3,0,0,0,0,0,0,0,14
30972,0,0,1,0,0,0,0,3,0,0,0,1,0,9,1,2,1,0,0,0,0,17
31003,0,0,1,0,0,0,0,3,0,1,0,0,0,3,0,1,1,0,0,0,0,9
31025,0,0,0,0,0,1,0,3,0,0,0,0,0,8,3,0,1,0,0,4,0,19
31059,0,0,1,0,0,0,0,3,0,2,1,1,0,3,0,0,0,0,0,0,0,10
31074,0,0,1,0,0,0,0,5,1,0,0,0,0,9,1,0,0,0,0,1,0,17
31075,0,0,1,0,0,0,0,3,0,2,1,0,0,3,0,0,0,0,0,1,1,11
31114,0,0,1,0,0,0,0,0,1,0,0,1,1,3,0,0,0,0,0,0,0,6
31117,0,0,0,1,0,0,0,0,0,3,0,0,0,0,0,10,1,1,1,0,0,16
31169,0,0,0,1,0,0,0,0,0,5,1,0,0,0,0,8,1,0,0,0,0,15
31185,0,0,0,1,0,0,0,0,0,5,1,0,0,0,0,8,1,0,0,0,0,15
31186,0,0,0,1,0,0,0,0,0,5,1,0,0,0,0,8,1,0,0,0,0,15
31205,0,0,0,1,0,0,0,0,0,4,0,0,0,1,1,8,0,0,0,0,0,14
31224,0,0,0,1,0,0,0,2,0,3,0,0,0,1,0,7,2,0,0,0,0,15
31242,0,0,0,1,0,0,0,1,0,4,1,0,0,1,0,7,1,0,0,0,0,15
31254,0,0,0,1,0,0,0,3,1,2,0,0,0,1,0,2,0,0,0,0,0,9
31259,0,0,0,1,0,0,0,0,0,5,2,1,0,0,0,9,2,0,0,0,0,19
31260,0,0,0,1,0,0,0,0,0,3,0,0,0,0,0,5,1,0,0,0,0,9
31271,0,0,0,1,0,0,0,2,0,3,0,0,0,1,0,7,1,0,0,0,0,14
31273,0,0,0,1,0,0,0,1,0,3,0,1,1,1,0,7,1,0,0,0,0,15
31282,0,0,0,1,0,0,0,2,0,3,0,0,0,1,0,7,1,0,0,0,1,15
31284,0,0,0,1,0,0,0,1,0,4,0,0,0,0,0,8,1,0,0,0,0,14
31285,0,0,0,1,0,0,0,1,0,4,0,0,0,0,0,8,1,0,0,0,0,14
31294,0,0,0,1,0,0,0,0,0,3,0,0,0,0,0,5,1,0,0,0,0,9
31300,0,0,0,1,0,0,0,1,0,4,0,0,0,0,0,8,2,0,0,0,0,15
31310,0,0,0,1,0,0,0,1,0,4,0,0,0,0,0,8,1,0,0,0,0,14
31316,0,0,0,1,0,0,0,0,0,4,0,0,0,0,0,9,2,0,0,0,0,15
31322,0,0,0,1,0,0,0,0,0,2,0,1,1,0,0,8,1,1,0,0,0,14
31326,0,1,0,0,0,0,0,0,0,2,0,0,0,2,1,5,2,0,0,0,0,12
31333,0,0,0,1,0,0,0,1,0,4,0,0,0,0,0,8,1,0,0,0,0,14
31337,0,0,0,1,0,0,0,1,0,4,0,0,0,0,0,8,1,0,0,0,0,14
31339,0,0,0,0,1,0,0,0,0,3,0,2,0,0,0,7,2,3,0,0,0,17
31354,0,0,0,1,0,0,0,0,0,4,0,0,0,0,0,8,1,2,1,0,0,16
31377,0,0,0,1,0,0,0,2,0,3,0,0,0,1,0,6,0,1,1,0,0,14
31381,0,0,0,1,0,0,0,2,0,3,0,0,0,1,0,7,1,0,0,0,0,14
31385,0,0,0,1,0,0,0,1,0,5,2,0,0,1,0,7,1,0,0,0,0,17
31389,0,1,0,0,0,0,0,2,1,2,0,0,0,0,0,7,2,0,0,0,0,14
31406,0,0,0,1,0,0,0,1,0,4,0,0,0,0,0,8,1,0,0,0,0,14
31421,0,0,0,1,0,0,0,1,0,4,0,0,0,0,0,8,1,0,0,0,0,14
31424,0,0,0,1,0,0,0,0,0,4,0,0,0,0,0,10,3,0,0,0,0,17
31435,0,0,0,0,0,0,1,5,1,3,0,1,0,0,0,11,6,0,0,0,0,27
31465,0,0,0,1,0,0,0,0,0,4,1,1,0,0,0,11,2,0,0,0,0,19
31487,0,0,0,1,0,0,0,0,0,4,1,0,0,1,0,4,0,5,3,1,0,19
31507,0,0,0,1,0,0,0,0,0,5,1,0,0,0,0,8,0,0,0,0,0,14
31514,0,0,0,0,0,0,0,0,0,3,1,0,0,0,0,6,2,0,0,0,0,12
31519,0,0,0,1,0,0,0,1,0,3,0,1,0,1,1,12,4,1,0,0,0,24
31521,0,0,0,1,0,0,0,1,0,4,0,0,0,0,0,8,1,0,0,0,0,14
31528,0,0,0,1,0,0,0,2,0,3,0,0,0,1,0,7,1,0,0,0,0,14
31544,0,0,0,1,0,0,0,1,0,4,0,0,3,0,0,8,1,0,0,0,0,17
31558,0,0,0,1,0,0,0,1,0,3,0,0,0,1,0,9,2,0,0,0,0,16
31559,0,0,0,1,0,0,0,0,0,5,1,0,0,0,0,8,2,0,0,0,0,16
31566,0,0,0,1,0,0,0,1,0,2,0,0,0,1,0,4,1,0,0,0,0,9
31642,0,0,0,1,0,0,0,0,0,5,1,0,0,0,0,5,1,0,0,0,0,12
31646,0,0,0,1,0,0,0,0,0,6,3,0,0,0,0,7,0,0,0,0,0,16
31669,0,0,0,1,0,0,0,3,1,3,0,0,0,1,0,7,1,0,0,0,0,16
31670,0,0,0,1,0,0,0,1,0,6,2,1,0,0,0,8,1,0,0,0,0,19
31676,0,1,0,0,0,0,0,0,0,4,1,6,1,0,0,4,1,1,0,6,2,26
31697,0,0,0,1,0,0,0,2,0,4,1,0,0,1,0,6,0,1,1,0,0,16
31717,0,0,0,1,0,0,0,2,0,3,0,0,0,1,0,7,1,0,0,0,0,14
31718,0,1,0,0,0,0,0,0,1,3,5,6,1,0,1,6,3,1,4,3,0,34
31731,0,0,0,1,0,0,0,1,0,4,1,0,0,1,0,7,1,0,0,0,0,15
31751,0,0,0,1,0,0,0,2,1,4,1,0,0,1,0,5,0,0,0,3,1,18
31763,0,0,0,1,0,0,0,1,0,3,0,3,1,3,1,5,0,0,0,0,0,17
31773,0,0,0,1,0,0,0,1,0,5,1,0,0,0,0,8,1,0,0,0,0,16
31788,0,0,0,1,0,0,0,1,0,4,0,0,0,0,0,8,1,0,0,0,0,14
31789,0,0,0,0,0,0,0,1,1,2,0,1,0,3,1,3,0,0,0,0,0,12
31796,0,0,0,1,0,0,0,1,0,3,0,1,0,1,0,7,1,2,1,0,0,17
31828,0,0,0,1,0,0,0,0,0,7,3,1,0,0,0,8,1,0,0,0,0,20
31845,0,0,0,1,0,0,0,2,1,4,1,1,0,1,0,6,0,0,0,0,0,16
31856,0,0,0,1,0,0,0,1,0,4,1,0,0,1,0,7,0,0,0,0,0,14
31860,0,0,0,1,0,0,0,0,0,3,0,1,1,3,2,8,1,1,1,0,0,21
31900,0,0,0,1,0,0,0,1,0,4,0,0,0,0,0,8,1,0,0,0,0,14
31914,0,0,0,1,0,0,0,1,0,4,1,0,0,1,0,6,0,1,1,0,0,15
31937,0,0,0,1,0,0,0,2,0,3,0,0,0,1,0,7,1,0,0,0,0,14
31983,0,0,0,1,0,0,0,2,0,5,1,1,0,1,0,7,1,0,0,0,1,19
31992,0,0,0,1,0,0,0,1,0,4,1,0,0,1,0,7,1,0,0,0,0,15
32006,0,0,0,1,0,0,0,2,0,3,0,0,0,1,0,7,2,0,0,0,0,15
32013,0,0,0,1,0,0,0,0,0,4,1,1,0,0,0,9,1,0,0,0,1,17
32016,0,0,0,1,0,0,0,1,0,5,0,0,0,0,0,4,0,1,1,0,1,13
32017,0,0,0,1,0,0,0,0,0,3,0,0,0,0,0,5,1,0,0,0,0,9
32021,0,1,0,0,0,0,0,0,0,5,0,5,0,0,0,4,0,1,1,3,0,19
32028,0,0,0,1,0,0,0,2,0,4,1,0,0,1,0,7,1,0,0,0,0,16
32051,0,1,0,0,0,0,0,0,0,3,0,0,0,0,0,4,3,4,0,2,1,17
32059,0,0,0,1,0,0,0,1,0,3,1,1,0,0,0,11,2,0,0,0,0,19
32070,0,0,0,1,0,0,0,0,0,4,0,1,0,1,2,8,1,0,0,0,0,17
32079,0,0,0,0,0,1,0,0,0,2,0,1,0,2,0,5,1,0,0,3,1,15
32082,0,0,0,1,0,0,0,1,0,4,0,0,0,0,0,7,1,1,0,0,0,14
32084,0,0,0,1,0,0,0,1,0,4,0,0,0,0,0,8,1,0,0,0,0,14
32100,0,0,0,1,0,0,0,0,0,3,0,0,0,0,0,11,2,0,0,0,0,16
32110,0,0,0,1,0,0,0,0,0,4,1,0,0,0,0,11,2,0,0,0,0,18
32152,0,0,0,0,0,0,0,0,0,3,0,0,0,0,0,6,2,0,0,0,0,11
32154,0,1,0,0,0,0,0,2,1,3,0,6,0,1,2,3,0,1,0,4,0,23
32158,1,0,0,0,0,0,0,1,0,9,2,1,0,2,0,5,1,3,0,0,1,25
32160,0,0,0,1,0,0,0,1,0,4,0,0,0,0,0,8,1,0,0,0,0,14
32164,0,0,0,1,0,0,0,1,0,4,0,0,0,0,0,8,2,0,0,0,0,15
32176,0,0,0,0,0,1,0,0,0,5,0,0,0,2,0,3,0,1,1,5,0,17
32185,0,0,0,1,0,0,0,2,0,3,0,0,0,1,0,7,1,0,0,0,0,14
32192,0,0,0,1,0,0,0,1,0,4,0,0,0,0,0,8,1,0,0,0,0,14
32195,0,0,0,1,0,0,0,2,0,3,0,0,0,1,0,7,1,0,0,0,0,14
32200,0,0,0,1,0,0,0,2,0,3,0,0,0,1,0,7,1,0,0,0,0,14
32207,0,0,0,1,0,0,0,0,0,4,0,1,1,0,0,8,0,0,0,0,0,14
32215,0,0,0,1,0,0,0,1,0,4,1,0,0,1,0,7,1,0,0,0,4,19
32227,0,0,0,1,0,0,0,2,0,3,0,1,0,1,1,7,1,0,0,0,0,16
32232,0,0,0,1,0,0,0,2,0,3,0,0,0,1,0,7,1,0,0,0,0,14
32240,0,0,0,1,0,0,0,1,0,4,0,0,0,0,0,8,1,0,0,0,0,14
32266,0,0,0,1,0,0,0,2,0,3,0,0,0,1,0,7,1,0,0,0,0,14
32276,0,0,0,1,0,0,0,2,0,4,1,0,0,0,0,8,1,0,0,0,0,16
32281,0,0,0,0,0,0,1,4,0,2,0,1,0,0,0,9,3,0,0,0,0,19
32289,0,0,0,1,0,0,0,0,0,3,0,0,0,6,2,5,0,0,0,0,0,16
32295,0,0,0,1,0,0,0,0,0,5,1,0,0,0,0,8,3,2,0,0,0,19
32298,0,0,0,1,0,0,0,1,0,4,0,0,0,0,0,8,1,0,0,0,0,14
32321,0,0,0,1,0,0,0,0,0,5,1,1,0,0,0,8,1,0,0,0,0,16
32326,0,0,0,1,0,0,0,0,0,5,1,0,0,0,0,8,0,0,0,0,0,14
32354,0,0,0,1,0,0,0,0,0,3,0,0,0,0,0,11,2,0,0,0,0,16
32355,0,0,0,0,0,0,0,0,0,2,0,0,0,1,0,6,3,0,0,0,0,12
32358,0,0,0,1,0,0,0,1,0,4,1,0,0,1,0,7,1,0,0,0,0,15
32360,0,0,0,1,0,0,0,1,0,4,0,0,0,0,0,8,1,0,0,0,0,14
32362,0,0,0,1,0,0,0,2,0,3,0,0,0,1,0,7,1,0,0,0,0,14
32376,0,0,0,1,0,0,0,1,0,4,0,0,0,0,0,8,2,0,0,0,0,15
32385,0,0,0,1,0,0,0,0,0,4,1,2,1,1,0,7,1,1,1,0,0,19
32396,0,0,0,1,0,0,0,1,0,4,0,0,0,0,0,8,1,0,0,0,0,14
32405,0,0,0,0,0,1,0,0,0,2,0,1,0,1,0,7,2,0,0,3,0,16
32417,0,0,0,1,0,0,0,1,0,4,0,0,0,0,0,7,0,1,1,0,0,14
32423,0,0,0,0,0,0,0,0,0,2,0,0,0,0,0,6,1,1,1,1,1,13
32424,0,0,0,1,0,0,0,1,0,4,0,0,0,0,0,8,1,0,0,0,0,14
32447,0,0,0,1,0,0,0,2,0,4,2,0,0,1,0,7,1,0,1,0,0,18
32456,0,0,0,0,0,0,0,1,1,2,0,1,0,0,0,6,1,0,0,0,0,12
32459,0,0,0,1,0,0,0,2,0,4,1,0,0,1,0,6,0,1,1,0,0,16
32468,0,0,0,1,0,0,0,1,0,4,0,1,1,0,0,8,1,0,0,0,0,16
32477,0,0,0,1,0,0,0,0,0,5,1,0,0,0,0,8,1,0,0,0,0,15
32498,0,0,0,0,0,0,0,2,2,3,0,1,1,1,0,3,0,0,0,1,1,15
32509,0,0,0,1,0,0,0,1,0,4,1,0,0,0,0,8,2,0,0,0,0,16
32510,0,0,0,1,0,0,0,2,0,3,0,0,0,1,0,7,1,0,0,0,0,14
32534,0,0,0,1,0,0,0,0,0,4,0,0,0,0,0,10,2,0,0,0,0,16
32544,0,0,0,1,0,0,0,1,0,4,0,0,0,0,0,8,1,0,0,0,0,14
32553,0,0,0,1,0,0,0,0,0,4,0,1,0,1,1,8,1,0,0,0,0,16
32559,0,0,0,1,0,0,0,0,0,3,0,1,0,1,0,10,2,0,0,0,0,17
32567,0,0,0,1,0,0,0,1,0,3,0,0,0,2,1,6,0,1,1,0,0,15
32568,0,0,0,1,0,0,0,0,0,4,1,0,0,1,0,9,3,2,1,0,0,21
32577,0,0,0,1,0,0,0,0,0,3,0,1,0,0,0,10,2,1,1,0,0,18
32579,0,0,0,1,0,0,0,0,0,5,1,0,0,0,0,8,1,0,0,0,0,15
32608,0,0,0,1,0,0,0,2,0,3,0,0,0,1,0,7,1,0,0,0,0,14
32611,0,0,0,1,0,0,0,2,0,3,0,0,0,1,0,4,1,0,0,0,0,11
32623,0,0,0,1,0,0,0,2,1,3,0,0,0,0,0,10,2,3,3,0,0,24
32660,0,0,0,1,0,0,0,0,0,5,1,2,1,0,0,7,0,0,0,0,0,16
32669,0,0,0,1,0,0,0,0,0,4,0,0,0,0,0,8,1,0,1,0,0,14
32678,0,0,0,1,0,0,0,2,0,3,0,0,0,1,0,7,1,0,0,0,0,14
32697,0,0,0,1,0,0,0,0,0,4,0,0,0,0,0,7,0,0,0,1,1,13
32699,0,0,0,1,0,0,0,1,0,5,2,1,0,1,0,9,2,0,0,0,0,21
32703,0,0,0,1,0,0,0,0,0,4,0,1,1,0,0,8,1,0,0,0,0,15
32704,0,0,0,1,0,0,0,2,0,3,0,0,0,1,0,7,1,0,0,0,0,14
32710,0,0,0,1,0,0,0,0,0,4,1,1,0,1,0,8,1,1,0,1,1,19
32713,0,0,0,1,0,0,0,1,0,6,2,1,0,0,0,8,1,0,0,0,0,19
32726,0,0,0,1,0,0,0,2,1,3,0,1,0,1,0,7,1,0,0,0,0,16
32728,0,0,0,1,0,0,0,0,0,3,0,0,0,0,0,5,1,0,0,0,0,9
32738,0,0,0,1,0,0,0,0,0,5,1,1,0,0,0,8,1,0,0,0,0,16
32741,0,0,0,1,0,0,0,1,0,4,0,0,0,0,0,8,1,0,0,0,0,14
32753,0,0,0,1,0,0,0,1,0,4,1,0,0,1,0,7,1,0,0,0,0,15
32754,0,0,0,1,0,0,0,1,0,4,1,0,0,1,0,7,1,0,0,0,0,15
32756,0,0,0,1,0,0,0,0,0,4,0,1,1,0,0,8,1,0,0,0,0,15
32764,0,0,0,1,0,0,0,1,0,4,0,0,0,0,0,8,1,0,0,0,0,14
32771,0,0,0,1,0,0,0,1,0,4,0,0,0,0,0,8,1,0,0,0,0,14
32790,0,0,0,1,0,0,0,0,0,3,0,0,0,0,0,5,1,0,0,0,0,9
32792,0,0,0,1,0,0,0,0,0,4,0,0,0,1,1,8,1,0,0,0,0,15
32798,0,0,0,1,0,0,0,1,0,4,0,0,0,0,0,8,1,0,0,0,0,14
32818,0,0,0,1,0,0,0,1,0,4,0,0,0,0,0,8,1,0,0,0,0,14
32819,0,0,0,1,0,0,0,0,0,5,1,0,0,0,0,8,1,0,0,0,0,15
32874,0,0,0,1,0,0,0,1,0,4,0,0,0,0,0,8,1,0,0,0,0,14
32875,0,0,0,1,0,0,0,2,0,3,0,0,0,1,0,6,0,1,1,0,0,14
32879,0,0,0,1,0,0,0,2,0,3,0,0,0,1,0,4,1,0,0,0,0,11
32880,0,0,0,1,0,0,0,1,0,4,0,0,0,0,0,8,1,0,0,0,0,14
32884,0,0,0,1,0,0,0,0,0,3,0,0,0,2,4,8,1,0,0,0,0,18
32896,0,0,0,1,0,0,0,0,0,3,0,0,0,0,0,11,2,0,0,0,0,16
32919,0,0,0,1,0,0,0,0,0,5,1,0,0,0,0,8,1,0,0,0,0,15
32930,0,0,0,1,0,0,0,0,0,5,1,0,0,0,0,8,1,0,0,0,0,15
33922,0,1,0,0,0,0,0,0,0,0,0,8,4,1,1,0,0,0,0,3,0,17
33933,0,0,0,1,0,0,0,1,0,3,0,1,0,1,0,7,1,0,0,0,0,14
33948,0,0,0,1,0,0,0,1,0,2,0,2,1,1,0,2,0,0,0,0,0,9
33966,0,0,0,1,0,0,0,0,0,3,0,2,1,0,0,3,0,0,0,0,0,9
33968,0,0,0,1,0,0,0,1,0,3,0,0,0,0,0,9,4,0,0,0,0,17
33970,0,0,0,1,0,0,0,1,0,4,0,1,0,0,0,8,1,0,0,0,1,16
33971,0,0,0,1,0,0,0,1,0,4,1,0,0,1,0,7,1,0,0,0,0,15
33975,0,0,0,1,0,0,0,1,2,4,0,1,0,0,0,7,0,0,0,0,0,15
33976,0,0,0,1,0,0,0,0,0,4,0,1,0,0,0,8,1,0,0,0,0,14
33978,0,0,0,1,0,0,0,1,0,3,0,2,0,1,1,7,1,0,0,0,0,16
33980,0,0,0,1,0,0,0,0,0,3,0,2,1,0,0,3,0,0,0,0,0,9
33982,0,1,0,0,0,0,0,0,0,4,1,5,0,0,0,3,0,2,1,3,0,19
33986,0,0,0,1,0,0,0,0,0,3,0,1,0,2,1,7,1,2,1,0,0,18
33988,0,0,0,1,0,0,0,0,0,3,0,2,1,0,0,3,0,0,0,0,0,9
33999,0,0,0,1,0,0,0,0,0,5,1,1,0,0,0,8,1,0,0,0,0,16
34000,0,0,0,1,0,0,0,1,0,4,0,1,0,0,0,8,1,0,0,0,0,15
34008,0,0,0,1,0,0,0,0,0,4,0,1,0,0,0,8,1,0,0,0,0,14
34010,0,0,0,1,0,0,0,1,0,5,1,0,0,0,0,7,0,0,0,0,0,14
34013,0,0,0,1,0,0,0,1,0,2,0,2,1,1,0,2,0,0,0,0,0,9
34021,0,0,0,1,0,0,0,1,0,2,0,2,1,1,0,2,0,0,0,0,0,9
34023,0,0,0,1,0,0,0,1,0,2,0,2,2,1,0,2,0,0,0,0,0,10
34039,0,0,0,1,0,0,0,1,0,4,0,0,0,0,0,8,1,0,0,0,0,14
34044,1,0,0,0,0,0,0,0,0,8,3,0,0,0,0,5,1,3,0,0,0,20
34051,0,0,0,1,0,0,0,0,0,3,0,2,1,0,0,3,0,0,0,0,0,9
34053,0,0,0,1,0,0,0,1,0,4,0,0,0,0,0,8,1,0,0,0,0,14
34056,0,0,0,1,0,0,0,0,0,5,1,1,0,0,0,8,1,0,0,0,0,16
34058,0,0,0,1,0,0,0,0,0,4,0,1,0,0,0,8,1,0,0,0,0,14
34062,0,0,0,1,0,0,0,0,0,3,0,2,1,0,0,7,0,0,0,0,0,13
34076,0,0,0,1,0,0,0,0,0,4,0,1,0,0,0,9,2,0,0,0,0,16
34085,0,0,0,0,0,1,0,0,0,3,1,1,0,1,0,6,1,0,0,2,0,15
34086,0,0,0,1,0,0,0,2,0,3,0,1,0,1,0,7,1,0,0,0,0,15
34096,1,0,0,0,0,0,0,1,0,8,1,1,1,0,0,6,1,4,0,0,0,23
34101,0,0,0,1,0,0,0,0,0,4,0,1,0,0,0,8,1,0,0,0,0,14
34109,0,0,0,1,0,0,0,0,0,3,1,3,0,0,0,3,0,0,0,0,0,10
34116,0,0,0,1,0,0,0,0,0,3,0,2,1,0,0,3,0,0,0,0,0,9
34129,0,0,0,1,0,0,0,1,0,2,0,2,0,1,0,3,6,0,0,0,0,15
34139,0,0,0,1,0,0,0,0,0,3,0,2,1,0,0,4,0,0,0,0,0,10
34146,0,0,0,1,0,0,0,0,0,3,0,1,0,0,0,4,1,0,0,0,0,9
34177,0,0,0,1,0,0,0,0,0,4,0,1,0,0,0,8,1,0,0,0,0,14
34178,0,0,0,0,0,1,0,0,0,2,0,0,0,0,0,7,2,0,0,0,0,11
34187,0,0,0,1,0,0,0,0,1,4,0,1,0,0,0,4,0,0,0,0,0,10
34198,0,1,0,0,0,0,0,0,0,4,0,7,3,0,0,3,0,1,0,7,2,27
34212,0,0,0,1,0,0,0,0,0,4,0,1,0,0,0,4,0,0,0,1,1,11
34220,0,0,0,1,0,0,0,1,0,4,0,0,0,0,0,8,2,0,0,0,0,15
34224,1,0,0,0,0,0,0,0,0,9,1,0,0,0,0,3,0,3,0,0,0,16
34252,0,0,0,1,0,0,0,0,0,3,0,2,1,0,0,3,0,0,0,0,0,9
34260,0,0,0,1,0,0,0,1,0,3,0,1,0,1,0,7,1,0,0,0,0,14
34282,0,0,0,1,0,0,0,0,0,3,0,2,1,0,0,3,0,0,0,0,0,9
34292,0,0,0,1,0,0,0,0,0,4,0,1,0,0,0,7,0,1,1,0,0,14
34298,0,0,0,1,0,0,0,0,0,5,1,1,0,0,0,8,1,0,0,0,0,16
34302,0,0,0,1,0,0,0,1,0,5,1,0,0,0,0,6,0,2,3,0,0,18
34318,0,0,0,1,0,0,0,0,0,5,1,1,0,0,0,8,1,0,0,0,0,16
34332,0,0,0,1,0,0,0,2,1,2,0,1,0,1,0,6,0,0,0,0,0,13
34338,0,0,0,1,0,0,0,2,1,4,0,1,0,0,0,7,0,0,0,0,0,15
34342,0,0,0,1,0,0,0,1,0,4,0,0,0,0,0,8,1,0,0,0,0,14
34345,0,0,0,1,0,0,0,0,0,3,0,0,0,0,0,11,3,2,1,0,0,20
34350,0,0,0,1,0,0,0,0,0,5,1,0,0,0,0,8,1,0,0,0,0,15
34363,0,0,0,1,0,0,0,0,0,4,1,1,0,0,0,10,1,0,0,1,1,19
34364,0,0,0,1,0,0,0,0,0,3,0,2,1,0,0,3,0,0,0,0,0,9
34391,0,0,0,1,0,0,0,1,0,3,0,1,0,1,0,7,1,0,0,0,0,14
34395,0,0,0,1,0,0,0,0,0,3,0,3,1,0,0,3,1,0,0,0,0,11
34400,0,0,0,1,0,0,0,0,0,3,0,1,0,0,0,10,3,0,0,0,0,17
34404,0,0,0,1,0,0,0,0,0,3,0,2,1,0,0,3,0,0,0,0,0,9
34411,0,0,0,1,0,0,0,0,0,3,0,1,0,2,2,3,0,0,0,0,0,11
34415,0,0,0,1,0,0,0,0,0,4,0,1,0,0,0,9,2,0,0,0,0,16
34438,0,0,0,1,0,0,0,1,0,3,0,1,0,1,0,7,1,0,0,0,0,14
34439,0,1,0,0,0,0,0,1,0,2,0,6,1,1,0,4,0,0,0,3,0,18
34441,0,0,0,1,0,0,0,0,0,4,0,1,0,0,0,8,1,0,0,0,0,14
34451,0,0,0,1,0,0,0,0,0,5,1,1,0,0,0,8,1,0,0,0,0,16
34473,0,0,0,1,0,0,0,0,0,4,0,1,1,0,0,8,1,0,0,0,0,15
34511,0,0,0,1,0,0,0,0,0,3,0,2,1,0,0,3,0,0,0,0,0,9
34513,0,0,0,1,0,0,0,1,0,3,0,1,0,1,0,7,1,0,0,0,0,14
34515,0,0,0,1,0,0,0,0,0,3,0,1,0,1,1,4,0,0,0,0,0,10
34520,0,0,0,1,0,0,0,1,0,2,0,2,1,1,0,2,0,0,0,0,0,9
34532,0,0,0,1,0,0,0,1,0,2,0,1,0,1,0,4,1,0,0,0,0,10
34535,0,0,0,1,0,0,0,0,0,3,0,2,1,0,0,3,0,0,0,0,0,9
34536,0,0,0,1,0,0,0,1,0,3,0,1,0,1,0,7,1,0,0,0,0,14
34543,0,0,0,1,0,0,0,1,0,4,0,1,0,0,0,8,1,0,0,0,0,15
34547,0,0,0,1,0,0,0,0,0,4,0,1,0,0,0,8,1,0,0,0,0,14
34555,0,0,0,1,0,0,0,0,0,5,1,1,0,0,0,8,1,0,0,0,0,16
34559,0,1,0,0,0,0,0,1,0,3,1,5,0,1,0,2,0,1,0,3,0,17
34560,0,0,0,1,0,0,0,1,0,3,0,1,0,1,0,7,1,0,0,0,0,14
34561,0,0,0,1,0,0,0,0,0,4,1,0,0,0,0,10,2,1,1,0,0,19
34570,0,0,0,1,0,0,0,0,0,3,0,1,0,0,0,7,1,0,0,0,0,12
34581,0,0,0,1,0,0,0,0,0,3,0,1,0,0,0,5,1,0,0,0,0,10
34582,0,0,0,1,0,0,0,0,0,3,0,1,0,1,0,9,2,0,0,0,0,16
34587,0,0,0,1,0,0,0,0,0,4,0,1,0,0,0,8,1,1,1,0,0,16
34588,0,0,0,1,0,0,0,0,0,3,0,2,1,0,0,3,0,0,0,0,0,9
34589,0,0,0,1,0,0,0,0,0,4,0,1,0,0,0,8,2,0,0,0,0,15
34590,0,0,0,1,0,0,0,0,0,4,0,1,0,0,0,8,1,0,0,0,0,14
34595,0,0,0,1,0,0,0,2,0,8,4,3,3,1,0,6,0,1,1,0,1,30
34600,0,0,0,1,0,0,0,0,0,3,0,0,0,0,0,9,1,2,1,0,0,16
34603,0,0,0,0,1,0,0,1,0,2,0,2,0,1,1,5,1,4,2,0,0,19
34605,0,0,0,1,0,0,0,0,0,5,1,1,0,0,0,8,1,0,0,0,0,16
34609,0,0,0,1,0,0,0,1,0,3,0,1,0,0,0,4,0,0,0,0,1,10
34612,0,0,0,1,0,0,0,1,1,3,0,1,0,2,1,9,14,0,0,0,1,33
34616,1,0,0,0,0,0,0,0,0,9,1,0,0,0,0,3,0,3,0,0,0,16
34621,0,0,0,1,0,0,0,1,0,2,0,1,0,1,0,5,0,1,3,2,1,17
34629,0,0,0,1,0,0,0,0,0,4,0,1,0,0,0,8,1,0,0,0,0,14
34638,0,0,0,0,1,0,0,0,0,2,0,1,1,0,0,7,2,0,0,0,0,13
34639,0,0,0,1,0,0,0,0,0,3,0,2,1,0,0,3,0,0,0,0,0,9
34642,0,0,0,1,0,0,0,1,0,4,1,0,0,1,0,8,1,0,0,0,0,16
34646,1,0,0,0,0,0,0,0,0,9,1,0,0,0,0,3,0,3,0,0,0,16
34655,0,0,0,1,0,0,0,1,0,4,2,1,0,0,0,8,1,0,0,0,0,17
34673,0,0,0,1,0,0,0,0,0,4,0,1,0,0,0,8,1,0,0,0,0,14
34674,0,1,0,0,0,0,0,0,0,3,0,7,3,0,0,5,1,1,0,4,0,24
34689,0,0,0,1,0,0,0,0,0,4,0,1,0,0,0,8,1,0,0,0,0,14
34692,0,0,0,1,0,0,0,1,0,2,0,4,2,1,0,2,0,0,0,0,0,12
34694,0,0,0,1,0,0,0,0,0,4,0,1,0,0,0,5,1,0,0,0,0,11
34701,0,0,0,1,0,0,0,0,0,5,1,1,0,0,0,8,1,0,0,0,0,16
34722,0,0,0,1,0,0,0,1,0,3,0,1,0,1,0,8,3,0,0,0,0,17
34739,0,0,0,1,0,0,0,1,0,3,0,1,0,1,0,8,2,0,0,0,0,16
34742,0,0,0,0,1,0,0,6,7,9,8,23,12,5,5,5,4,6,1,0,0,91
34759,0,0,0,1,0,0,0,1,0,4,0,1,0,0,0,8,1,0,0,0,0,15
34762,0,0,0,1,0,0,0,1,0,3,0,1,0,1,0,7,1,0,0,0,0,14
34766,0,0,0,1,0,0,0,0,0,5,1,0,0,0,0,8,2,0,0,0,0,16
34767,0,0,0,1,0,0,0,0,0,3,1,2,0,0,0,3,1,0,0,0,0,10
34774,0,0,0,1,0,0,0,1,0,2,0,1,0,1,0,4,1,0,0,0,0,10
34779,0,0,0,1,0,0,0,1,1,3,0,1,0,4,1,5,0,0,0,0,0,16
34781,0,0,0,1,0,0,0,0,0,5,1,1,0,0,0,8,1,0,0,0,0,16
34797,0,1,0,0,0,0,0,1,0,4,2,6,0,1,0,3,1,1,0,10,5,34
34807,0,1,0,0,0,0,0,0,0,4,1,12,4,0,0,4,2,1,0,3,0,31
34810,1,0,0,0,0,0,0,0,0,9,1,0,0,0,0,3,0,3,0,0,0,16
34826,0,1,0,0,0,0,0,0,0,4,1,5,0,0,0,3,0,1,0,3,0,17
34827,0,0,0,1,0,0,0,1,0,2,0,2,1,1,0,2,0,0,0,0,0,9
34842,0,0,0,1,0,0,0,1,0,2,0,1,0,2,1,2,0,0,0,0,0,9
34849,0,0,0,1,0,0,0,1,0,4,0,1,0,0,0,8,1,0,0,0,1,16
34856,0,0,0,1,0,0,0,1,0,3,0,1,0,1,0,7,1,0,0,0,0,14
34859,0,0,0,1,0,0,0,0,0,4,0,1,0,0,0,7,0,0,0,1,1,14
34872,0,0,0,1,0,0,0,1,0,2,0,1,0,1,0,4,1,0,0,0,0,10
34879,0,0,0,0,1,0,0,0,0,1,0,2,0,1,0,1,0,7,1,0,0,13
34910,0,0,0,0,1,0,0,0,0,0,0,3,0,1,0,0,0,9,3,0,0,16
34911,0,0,0,0,1,0,0,0,0,0,0,4,1,1,0,0,0,8,1,0,0,15
34912,0,0,0,0,1,0,0,0,0,0,0,2,0,1,0,1,0,7,1,0,0,12
34918,0,0,0,0,1,0,0,0,0,0,0,3,1,0,0,4,1,5,1,0,0,15
34919,0,0,0,0,1,0,0,0,0,0,0,3,0,1,0,0,0,8,1,0,0,13
34929,0,0,0,0,1,0,0,0,0,1,0,3,0,0,0,1,1,7,0,0,0,13
34934,0,0,0,0,1,0,0,0,0,0,0,4,1,1,0,0,0,8,1,0,0,15
34953,0,0,0,0,1,0,0,0,0,1,0,2,0,1,0,1,0,7,1,0,0,13
34954,0,0,0,0,1,0,0,0,0,0,0,3,0,1,0,0,0,8,1,0,0,13
34955,0,0,0,0,1,0,0,0,0,0,0,2,0,1,0,0,0,5,1,0,0,9
34958,0,0,0,0,1,0,0,0,0,1,0,3,0,0,0,0,0,8,1,0,0,13
34959,0,0,0,0,1,0,0,0,0,0,0,3,0,1,0,0,0,8,1,0,0,13
34960,0,0,0,0,1,0,0,0,0,0,0,2,0,0,0,0,0,9,1,1,1,14
34972,0,0,0,0,1,0,0,0,0,0,0,3,0,1,2,1,0,4,0,0,0,11
34978,0,0,0,0,1,0,0,0,0,0,0,3,1,0,0,0,0,11,2,0,0,17
34982,0,0,0,0,1,0,0,0,0,1,0,3,1,1,0,1,0,7,1,0,0,15
34983,0,0,0,0,1,0,0,0,0,0,0,3,0,1,0,0,0,9,1,0,0,14
34985,0,0,0,0,1,0,0,0,0,0,0,3,0,1,0,0,0,8,1,0,0,13
34989,0,0,0,0,1,0,0,0,0,0,0,3,0,1,0,0,0,8,1,0,0,13
34992,0,0,0,0,1,0,0,0,0,0,0,3,0,1,0,0,0,8,1,0,0,13
34997,0,0,0,0,1,0,0,0,0,0,0,2,0,0,0,0,0,9,1,2,1,15
34999,0,0,0,0,1,0,0,0,0,0,0,3,1,1,0,0,0,4,0,0,0,9
35007,0,0,0,0,1,0,0,0,0,1,0,4,1,0,0,1,0,7,1,0,0,15
35009,0,0,0,0,1,0,0,0,0,0,0,3,0,1,0,0,0,8,1,0,0,13
35010,0,0,0,0,1,0,0,0,0,0,0,4,1,1,0,0,0,8,1,0,0,15
35011,0,0,0,0,1,0,0,1,1,0,0,2,0,0,0,0,0,11,1,0,0,16
35014,0,0,0,0,1,0,0,0,0,0,0,3,0,1,0,0,0,8,1,0,0,13
35019,0,0,0,0,1,0,0,0,0,1,0,3,0,0,0,0,0,8,1,0,0,13
35030,0,0,0,0,1,0,0,0,0,0,0,4,1,1,0,0,0,8,1,0,0,15
35034,0,0,0,0,1,0,0,0,0,0,0,5,1,0,0,0,0,8,1,0,0,15
35039,0,0,0,0,1,0,0,0,1,1,0,2,0,1,0,0,0,4,0,0,0,9
35041,0,0,0,0,0,1,0,0,0,0,0,2,0,0,0,0,0,7,2,0,0,11
35042,0,0,0,0,0,1,0,0,0,0,0,4,1,1,0,0,0,6,1,2,0,15
35048,0,0,0,0,1,0,0,0,0,0,0,2,0,4,6,0,0,3,0,0,0,15
35057,0,0,0,0,1,0,0,0,0,0,0,2,0,2,2,1,0,3,0,0,0,10
35060,0,0,0,0,1,0,0,0,0,0,0,3,0,1,0,0,0,8,1,0,0,13
35064,0,0,0,0,1,0,0,0,0,1,0,2,0,1,0,1,0,7,1,0,0,13
35069,0,0,0,0,1,0,0,0,0,0,0,3,0,1,0,0,0,8,1,0,0,13
35070,0,0,0,0,1,0,0,0,0,0,0,2,0,2,1,0,0,4,0,0,0,9
35073,0,0,0,0,1,0,0,0,0,1,0,3,0,1,1,0,0,7,0,0,0,13
35083,0,0,0,0,1,0,0,0,0,0,0,3,0,1,0,0,0,8,2,0,0,14
35087,0,0,0,0,1,0,0,0,0,0,0,2,0,1,0,1,1,3,0,0,0,8
35106,0,0,0,0,1,0,0,0,0,0,0,3,0,1,0,0,0,8,1,0,0,13
35107,0,0,0,0,1,0,0,0,0,0,0,3,0,1,0,0,0,8,1,0,0,13
35115,0,0,0,0,1,0,0,0,0,1,0,2,0,1,0,1,0,7,1,0,0,13
35118,0,0,0,0,1,0,0,0,0,0,0,5,1,0,0,0,0,8,1,0,0,15
35119,0,0,0,0,1,0,0,0,0,4,4,4,0,0,0,0,0,7,0,0,0,19
35122,0,0,0,0,1,0,0,0,0,0,0,2,0,5,4,0,0,5,0,0,0,16
35131,0,0,0,0,1,0,0,0,0,0,0,3,0,1,0,0,0,9,2,0,0,15
35136,0,0,0,0,1,0,0,0,0,0,0,4,1,1,0,0,0,8,1,0,0,15
35144,0,0,0,0,1,0,0,0,0,0,0,4,1,0,0,0,0,8,1,1,0,15
35146,0,0,0,0,1,0,0,0,0,0,0,2,0,0,0,0,0,9,2,2,1,16
35148,0,0,0,0,1,0,0,0,0,0,0,4,1,1,0,0,0,8,2,0,0,16
35155,0,0,0,0,1,0,0,0,0,0,0,8,4,0,0,0,0,10,3,0,0,25
35168,0,0,0,1,0,0,0,0,0,2,1,2,0,0,0,3,0,7,2,0,0,17
35190,0,0,0,0,1,0,0,0,0,0,0,4,1,1,0,0,0,8,1,0,0,15
35196,0,0,0,0,1,0,0,0,0,0,0,4,1,1,0,0,0,8,1,0,0,15
35205,0,0,0,0,1,0,0,0,0,0,0,4,1,0,0,0,0,9,4,0,0,18
35209,0,0,0,0,1,0,0,0,0,0,0,1,0,2,1,1,0,2,0,0,0,7
35211,0,0,0,0,1,0,0,0,0,0,0,2,0,2,1,0,0,3,0,0,0,8
35225,0,0,0,0,1,0,0,0,0,0,0,2,0,2,1,0,0,3,0,0,0,8
35226,0,0,0,0,1,0,0,0,0,0,0,3,0,1,0,0,0,8,1,0,0,13
35240,0,0,0,0,1,0,0,0,0,1,1,2,0,1,0,0,0,7,0,0,0,12
35244,0,0,0,0,1,0,0,0,0,1,0,4,2,0,0,1,0,7,1,0,0,16
35256,0,0,0,0,1,0,0,0,0,0,0,4,1,1,0,0,0,8,1,0,0,15
35276,0,0,1,0,0,0,0,1,0,2,1,3,1,3,0,0,0,4,0,1,0,16
35280,0,0,0,0,1,0,0,0,0,0,0,4,1,0,0,0,0,11,2,0,0,18
35303,0,0,0,0,1,0,0,0,0,0,0,3,0,1,0,0,0,8,1,0,0,13
35311,0,0,0,0,1,0,0,0,0,0,0,3,0,1,0,0,0,8,1,0,0,13
35312,0,0,0,0,1,0,0,0,0,0,0,3,0,1,0,0,0,8,1,0,0,13
35319,0,0,0,0,1,0,0,0,0,0,0,4,1,1,0,0,0,8,1,0,0,15
35323,0,0,0,0,1,0,0,0,0,0,0,2,0,2,1,0,0,3,0,0,0,8
35333,0,0,0,0,1,0,0,0,0,0,0,3,0,1,0,0,0,8,1,0,0,13
35339,0,0,0,0,1,0,0,0,0,0,0,2,0,2,1,0,0,6,2,0,0,13
35346,0,0,0,0,1,0,0,0,0,0,0,2,0,2,1,0,0,3,0,0,0,8
35347,0,0,0,0,0,0,1,0,0,0,0,3,0,0,0,0,0,5,1,1,1,11
35352,0,0,0,0,1,0,0,0,0,0,0,3,1,0,0,1,0,11,3,2,1,22
35357,0,0,0,0,1,0,0,0,0,1,0,2,0,0,0,2,1,9,1,0,0,16
35362,0,0,0,0,1,0,0,0,0,1,10,3,0,0,0,0,0,3,0,0,0,17
35369,0,0,0,0,1,0,0,0,0,0,0,2,0,2,1,0,0,3,0,0,0,8
35375,0,0,0,0,0,0,1,0,0,0,0,1,0,0,0,1,0,6,2,0,0,10
35379,0,0,0,0,1,0,0,0,0,0,0,4,1,0,0,1,0,9,2,0,0,17
35383,0,0,0,0,1,0,0,0,0,0,0,5,1,0,0,0,0,9,1,0,0,16
35386,0,0,0,0,1,0,0,0,0,0,0,3,0,1,0,0,0,8,1,0,0,13
35401,0,0,0,0,1,0,0,0,0,0,0,3,0,1,0,1,0,7,1,0,0,13
35405,0,0,0,0,1,0,0,0,0,0,0,4,1,1,0,0,0,8,1,0,0,15
35413,0,0,0,0,1,0,0,0,0,0,0,3,0,1,0,0,0,8,1,0,0,13
35414,0,0,0,0,1,0,0,0,0,0,0,3,1,0,0,0,0,11,2,0,0,17
35431,0,0,0,0,1,0,0,0,0,0,0,4,1,1,1,0,0,7,1,0,0,15
35433,0,0,0,0,1,0,0,0,0,0,0,2,0,1,0,0,0,5,1,0,0,9
35434,0,0,0,0,0,0,0,0,0,0,0,2,0,0,0,0,0,7,2,0,0,11
35438,0,0,0,0,1,0,0,1,0,0,0,2,0,1,0,1,0,3,0,0,1,9
35469,0,0,0,0,1,0,0,0,0,0,0,2,0,1,0,0,0,6,1,0,0,10
35474,0,0,0,0,1,0,0,0,0,0,0,3,0,1,0,0,0,10,3,0,0,17
35490,0,0,0,0,1,0,0,0,0,0,0,4,1,1,0,0,0,8,1,0,0,15
35493,0,0,0,0,1,0,0,1,1,0,0,3,0,0,0,0,0,8,2,0,0,15
35500,0,0,0,0,1,0,0,0,0,0,0,1,0,2,1,1,0,2,0,0,0,7
35501,0,0,0,0,1,0,0,0,0,0,0,4,1,0,0,0,0,8,1,0,0,14
35508,0,0,0,0,1,0,0,0,0,0,0,3,0,1,0,0,0,8,1,0,0,13
35515,0,0,0,0,1,0,0,0,0,2,0,3,0,0,0,1,0,7,1,0,0,14
35529,0,0,0,0,1,0,0,0,0,0,0,2,0,2,1,0,0,3,0,0,0,8
35546,0,0,0,0,1,0,0,0,0,0,0,3,0,1,0,0,0,8,1,0,0,13
35557,0,0,0,0,1,0,0,0,0,0,0,2,0,2,1,0,0,3,0,0,0,8
35571,0,0,0,0,1,0,0,0,0,0,0,2,0,2,1,0,0,3,0,0,0,8
35572,0,0,0,0,1,0,0,0,0,0,0,3,0,0,0,1,0,8,1,2,1,16
35581,0,0,0,0,1,0,0,0,0,0,0,4,1,1,0,0,0,8,1,0,0,15
35583,0,0,0,0,1,0,0,0,0,0,0,4,0,2,0,0,0,8,1,0,0,15
35586,0,0,0,0,1,0,0,0,0,0,0,1,0,2,1,1,0,2,0,0,0,7
35587,0,0,0,0,1,0,0,0,0,0,0,4,1,1,0,0,0,8,1,0,0,15
35591,0,0,0,0,1,0,0,0,0,1,1,1,0,1,0,1,0,3,0,0,0,8
35620,0,0,0,0,1,0,0,0,0,0,0,4,1,1,0,0,0,8,1,0,0,15
35632,0,0,0,0,1,0,0,0,0,1,0,4,0,0,0,0,0,7,0,1,1,14
35636,0,0,0,0,1,0,0,0,0,0,0,2,0,2,1,1,0,2,0,0,0,8
35642,0,0,0,0,1,0,0,0,0,0,0,3,0,1,0,1,0,7,1,0,0,13
35651,0,0,0,0,1,0,0,1,0,0,0,2,0,1,0,1,0,8,2,0,1,16
35659,0,0,0,0,1,0,0,0,0,0,0,2,0,1,0,0,0,6,2,0,0,11
35664,0,0,0,0,1,0,0,0,0,0,0,3,0,1,0,1,0,7,2,0,0,14
35665,0,0,0,0,1,0,0,0,0,2,1,3,0,0,0,1,0,7,1,0,0,15
35677,0,0,0,0,1,0,0,0,0,0,0,3,0,1,0,0,0,8,1,0,0,13
35680,0,0,0,0,1,0,0,0,0,3,2,4,0,2,2,1,0,6,0,0,0,20
35682,0,0,0,0,1,0,0,0,0,0,0,2,0,1,0,0,0,5,1,0,0,9
35692,0,1,0,0,0,0,0,0,0,0,0,6,0,0,0,1,0,5,2,2,1,17
35700,0,0,0,0,1,0,0,0,0,0,0,3,0,1,0,0,0,8,1,0,0,13
35713,0,0,0,0,1,0,0,0,0,0,0,5,1,2,0,0,0,8,1,0,0,17
35724,0,0,0,0,1,0,0,0,0,0,0,4,1,0,0,0,0,9,2,0,0,16
35728,0,0,0,0,0,1,0,0,0,0,0,1,0,0,0,0,0,7,2,0,0,10
35740,0,0,0,0,1,0,0,0,0,0,0,2,0,1,0,1,0,7,1,0,0,12
35749,0,0,0,0,1,0,0,0,0,0,0,2,0,2,1,0,0,3,0,0,0,8
35763,0,0,0,0,1,0,0,0,0,0,0,5,1,0,0,0,0,8,4,0,0,18
35776,0,0,0,0,1,0,0,0,0,0,0,2,0,0,0,0,0,9,1,2,1,15
35777,0,0,0,0,1,0,0,0,0,1,0,2,0,1,0,1,0,7,1,0,0,13
35779,0,0,0,0,1,0,0,0,0,0,0,3,0,1,0,0,0,8,1,0,0,13
35780,0,0,0,0,1,0,0,0,0,0,0,2,0,1,0,1,0,7,1,0,0,12
35785,0,0,0,0,0,0,0,0,0,0,0,1,0,0,0,0,0,7,2,0,0,10
35790,0,0,0,0,1,0,0,0,0,0,0,2,0,1,0,0,0,5,1,0,0,9
35794,0,0,0,0,1,0,0,0,0,0,0,3,0,1,0,0,0,8,1,0,0,13
35805,0,0,0,0,1,0,0,0,0,0,1,5,3,0,0,1,0,7,1,0,0,18
35811,0,0,0,0,1,0,0,0,0,0,0,2,0,0,0,1,0,10,2,0,0,15
35812,0,0,0,0,1,0,0,0,0,1,0,3,0,0,0,0,0,7,0,1,1,13
35815,0,0,0,0,1,0,0,1,1,0,0,3,0,1,0,0,0,7,0,0,0,13
35834,0,1,0,0,0,0,0,3,3,3,1,5,1,2,1,0,0,1,0,1,0,21
35931,0,0,0,0,1,0,0,0,0,1,0,1,0,1,0,1,0,6,1,0,0,11
35934,0,0,0,0,1,0,0,0,0,0,0,2,0,1,0,0,0,7,1,0,0,11
35941,0,0,0,0,1,0,0,0,0,0,0,2,0,1,0,0,0,7,1,0,0,11
35948,0,0,0,0,1,0,0,0,0,0,0,5,1,0,0,0,0,8,1,0,0,15
35951,0,0,0,0,1,0,0,0,0,0,0,3,1,0,0,1,0,7,1,0,0,13
35952,0,0,0,0,1,0,0,0,0,0,0,2,0,0,0,1,0,7,1,0,0,11
35955,0,0,0,0,1,0,0,1,1,0,0,3,0,0,0,0,0,7,0,0,0,12
35956,0,0,0,0,1,0,0,0,0,0,0,1,0,2,1,1,0,2,0,0,0,7
35960,0,0,0,0,1,0,0,0,0,0,0,1,0,1,0,1,0,4,1,0,0,8
35969,0,0,0,0,1,0,0,0,0,0,0,2,0,1,0,0,0,7,1,0,0,11
35976,0,0,0,0,1,0,0,0,0,0,0,2,0,1,0,0,0,7,1,0,0,11
35981,0,0,0,0,1,0,0,0,0,0,0,2,0,2,1,0,0,3,0,0,0,8
35985,0,0,0,0,1,0,0,0,0,0,0,1,0,1,0,1,0,6,1,0,0,10
35993,0,0,1,0,0,0,0,3,0,0,0,3,2,4,0,0,0,5,0,0,0,17
35996,0,0,0,0,1,0,0,0,0,0,0,2,1,1,0,0,0,4,0,0,0,8
36001,0,0,0,0,1,0,0,0,0,1,0,1,0,2,1,1,0,2,0,0,0,8
36002,0,0,0,0,1,0,0,0,0,0,0,1,0,1,0,1,0,6,1,0,0,10
36014,0,0,0,0,1,0,0,0,0,1,1,2,0,1,0,0,0,6,0,0,0,11
36026,0,0,0,0,1,0,0,0,0,0,0,1,0,1,0,1,0,5,0,1,1,10
36029,0,0,0,0,1,0,0,0,0,0,0,2,0,1,0,0,0,7,1,0,0,11
36040,0,0,0,0,1,0,0,0,0,0,0,1,0,1,0,1,0,6,1,0,0,10
36045,0,0,0,0,1,0,0,0,0,0,0,3,0,0,0,0,0,8,1,0,0,12
36046,0,1,0,0,0,0,0,0,0,1,0,6,1,0,0,3,1,3,0,4,0,19
36048,0,0,0,0,1,0,0,0,0,0,0,1,0,1,0,1,0,6,1,0,1,11
36049,0,0,0,0,1,0,0,0,0,0,0,2,0,2,1,0,0,3,0,0,0,8
36057,0,1,0,0,0,0,0,0,1,2,5,7,2,0,0,2,0,4,1,3,0,27
36074,0,0,0,0,1,0,0,0,0,0,0,2,0,1,0,0,0,5,1,0,0,9
36077,0,0,0,0,1,0,0,0,0,0,0,1,0,2,1,1,0,4,0,0,0,9
36085,0,1,0,0,0,0,0,0,0,0,0,7,2,0,0,2,0,5,1,3,0,20
36088,0,0,0,0,1,0,0,1,1,0,0,1,0,1,0,1,0,5,0,0,0,10
36090,0,0,0,0,1,0,0,0,0,0,0,2,0,3,8,0,0,3,0,0,0,16
36091,0,1,0,0,0,0,0,0,0,0,0,6,2,1,0,3,0,2,0,3,0,17
36096,0,0,0,0,1,0,0,0,0,0,0,2,0,1,0,0,0,6,0,1,1,11
36098,0,1,0,0,0,0,0,0,0,0,0,6,1,0,0,3,0,2,0,3,0,15
36103,0,1,0,0,0,0,0,0,0,1,0,6,1,0,0,1,0,4,1,3,0,17
36110,0,0,0,0,0,0,0,0,0,0,0,1,0,0,0,3,1,5,2,0,0,12
36113,0,1,0,0,0,0,0,0,0,0,0,6,1,0,0,3,1,3,0,2,1,17
36115,0,0,0,0,0,0,1,3,0,0,0,3,4,1,0,4,0,2,0,1,0,18
36122,0,1,0,0,0,0,0,0,0,1,0,7,1,0,0,0,0,7,3,3,1,23
36132,0,0,0,0,1,0,0,0,0,0,0,2,0,3,2,0,0,3,0,0,0,10
36151,0,0,0,0,1,0,0,0,0,0,0,2,0,2,1,0,0,3,0,0,0,8
36157,0,0,0,0,1,0,0,0,0,0,0,4,1,0,0,0,0,8,1,0,0,14
36161,0,0,0,0,1,0,0,0,0,1,0,2,0,0,0,3,1,6,0,0,0,13
36166,0,0,0,0,1,0,0,0,0,0,0,1,0,2,1,1,0,2,0,0,0,7
36175,0,0,0,0,1,0,0,0,0,0,0,2,0,1,0,0,0,4,1,0,0,8
36180,0,0,0,0,1,0,0,0,0,0,0,2,0,1,0,0,0,7,1,0,0,11
36192,0,1,0,0,0,0,0,0,0,0,0,6,2,0,0,3,0,3,1,3,0,18
36199,0,0,0,0,1,0,0,0,0,0,0,1,0,1,0,1,0,4,1,0,0,8
36200,0,0,0,0,1,0,0,0,0,0,0,2,0,1,0,0,0,7,2,0,0,12
36216,0,0,0,0,1,0,0,0,0,1,0,1,0,1,0,1,0,6,1,0,0,11
36217,0,1,0,0,0,0,0,0,0,1,0,7,2,0,0,1,0,3,0,3,0,17
36222,0,0,0,0,1,0,0,0,0,0,0,1,0,1,0,1,0,6,1,0,0,10
36223,0,0,0,0,1,0,0,0,0,0,0,2,0,1,0,0,0,7,1,0,0,11
36224,0,0,0,0,1,0,0,0,0,0,0,2,0,0,0,1,0,8,2,0,0,13
36227,0,0,0,0,1,0,0,0,0,0,0,1,0,1,0,1,0,6,1,0,0,10
36238,0,0,0,0,1,0,0,0,0,1,0,1,0,2,1,1,0,2,0,0,0,8
36241,0,1,0,0,0,0,0,0,0,1,0,7,1,0,0,0,0,4,0,3,0,16
36250,0,0,0,0,1,0,0,0,0,0,0,1,0,1,0,1,0,6,1,0,0,10
36259,0,0,0,0,1,0,0,1,0,0,0,2,0,1,0,0,0,4,0,0,1,9
36264,0,0,0,0,1,0,0,0,0,1,0,6,1,1,0,1,0,6,0,2,2,20
36266,0,1,0,0,0,0,0,0,0,1,0,7,1,0,0,2,3,4,0,4,0,22
36267,0,1,0,0,0,0,0,0,0,0,0,6,1,0,0,3,0,2,0,3,0,15
36276,0,1,0,0,0,0,0,0,0,1,0,7,1,0,0,0,0,6,1,4,1,21
36277,0,0,0,0,1,0,0,0,0,1,0,1,0,1,0,1,0,6,1,0,0,11
36281,0,0,0,0,1,0,0,0,0,0,0,2,0,1,0,0,0,7,1,0,0,11
36286,0,0,1,0,0,0,0,3,0,0,0,4,2,5,0,0,0,3,0,1,0,18
36289,0,0,0,0,1,0,0,0,0,0,0,2,0,1,0,0,0,7,1,0,0,11
36295,0,0,0,0,1,0,0,0,0,0,0,3,0,0,0,0,0,8,1,0,0,12
36299,0,0,0,0,1,0,0,0,0,0,0,1,0,1,0,1,0,8,2,0,0,13
36328,0,0,0,0,1,0,0,0,0,0,0,3,0,0,0,0,0,8,1,0,0,12
36330,0,0,0,0,1,0,0,0,0,0,0,3,0,0,0,0,0,8,1,0,0,12
36339,0,0,0,0,1,0,0,0,0,0,0,2,0,1,0,0,0,5,1,0,0,9
36342,0,0,0,0,1,0,0,0,0,0,0,3,0,0,0,0,0,7,0,1,1,12
36352,0,0,0,0,1,0,0,0,0,0,0,3,0,0,0,0,0,8,2,0,0,13
36373,0,0,0,0,1,0,0,1,2,0,0,1,0,1,0,1,0,3,0,0,0,9
36374,0,0,0,0,1,0,0,0,0,0,0,2,0,1,0,0,0,7,1,0,0,11
36385,0,0,0,0,1,0,0,0,0,0,0,2,0,1,0,0,0,7,1,0,0,11
36391,0,0,0,0,1,0,0,0,0,0,0,2,0,0,0,1,0,7,1,0,0,11
36397,0,0,0,0,1,0,0,0,0,0,0,1,0,1,0,1,0,5,0,1,1,10
36398,0,0,0,0,1,0,0,0,0,0,0,4,1,0,0,0,0,8,1,0,0,14
36402,0,1,0,0,0,0,0,0,0,1,0,5,0,0,0,2,1,5,1,9,3,27
36403,0,0,0,0,1,0,0,1,0,0,0,1,0,1,0,1,0,3,0,0,1,8
36408,0,0,0,0,1,0,0,0,0,0,0,3,0,0,0,0,0,8,1,0,0,12
36411,0,0,1,0,0,0,0,3,0,0,0,3,2,4,0,0,0,7,1,0,0,20
36414,0,0,0,0,1,0,0,0,0,0,0,2,0,1,0,0,0,7,1,0,0,11
36423,0,0,0,0,1,0,0,0,0,0,0,2,0,1,0,0,0,8,2,0,0,13
36441,0,0,0,0,1,0,0,0,0,2,1,1,0,0,0,1,0,2,0,0,0,7
36443,0,0,0,0,1,0,0,0,0,0,0,3,0,0,0,0,0,8,1,0,0,12
36445,0,0,0,0,1,0,0,0,0,0,0,3,0,0,0,0,0,8,1,0,0,12
36449,0,0,0,0,1,0,0,0,0,0,0,4,1,0,0,0,0,7,0,1,1,14
36452,0,0,0,0,1,0,0,0,0,1,0,2,0,0,0,1,0,7,1,0,0,12
36456,0,0,0,0,1,0,0,0,0,0,0,2,0,2,1,0,0,3,0,0,0,8
36461,0,0,0,0,1,0,0,0,0,0,0,2,0,1,0,0,0,7,1,0,0,11
36463,0,0,0,0,1,0,0,0,0,0,0,1,0,1,0,1,0,6,1,0,0,10
36464,0,0,0,0,1,0,0,0,0,0,0,1,0,2,1,1,0,2,0,0,0,7
36467,0,0,0,0,1,0,0,0,0,0,0,1,0,3,2,1,0,2,0,0,0,9
36477,0,0,0,0,1,0,0,0,0,0,0,4,1,0,0,0,0,8,1,0,0,14
36493,0,0,0,0,1,0,0,0,0,0,0,2,0,0,0,3,1,6,0,0,0,12
36498,0,0,0,0,1,0,0,0,0,0,0,2,0,1,0,0,0,7,1,0,0,11
36506,0,1,0,0,0,0,0,0,0,1,0,7,1,0,0,0,0,6,1,3,0,19
36508,0,0,0,0,1,0,0,0,0,0,0,2,0,1,0,0,0,7,1,0,0,11
36510,0,1,0,0,0,0,0,0,0,0,0,6,3,0,0,0,0,4,1,1,0,15
36519,0,1,0,0,0,0,0,0,0,1,0,7,2,0,0,3,3,3,1,3,0,23
36520,0,0,0,0,1,0,0,0,0,0,0,2,0,1,0,0,0,7,2,0,0,12
36527,0,0,0,0,1,0,0,0,0,0,0,2,0,1,0,0,0,8,2,0,0,13
36529,0,0,0,0,1,0,0,0,0,0,0,2,0,1,0,0,0,7,1,0,0,11
36531,0,0,0,0,1,0,0,0,0,0,0,3,0,0,0,0,0,8,1,0,0,12
36535,0,0,0,0,1,0,0,0,0,0,0,2,0,0,0,1,0,7,1,0,0,11
36540,0,0,0,0,1,0,0,0,0,0,0,2,0,1,0,0,0,7,1,0,0,11
36548,0,0,0,0,1,0,0,0,0,0,0,2,0,0,0,1,0,7,1,0,0,11
36552,0,0,0,0,1,0,0,0,0,0,0,1,0,1,0,1,0,6,1,0,0,10
36555,0,0,0,0,1,0,0,1,1,0,0,4,1,0,0,0,0,7,0,0,0,14
36558,0,0,0,0,1,0,0,0,0,2,0,2,0,0,0,1,0,6,0,0,1,12
36561,0,0,0,0,1,0,0,0,0,0,0,2,0,1,0,0,0,7,1,0,0,11
36570,0,0,0,0,1,0,0,0,0,0,0,3,1,2,1,0,0,3,0,0,0,10
36573,0,0,0,0,1,0,0,0,0,0,0,3,0,0,0,0,0,7,0,1,1,12
36579,0,0,0,0,1,0,0,0,0,0,0,2,0,2,1,0,0,3,0,0,0,8
36580,0,1,0,0,0,0,0,0,0,1,0,7,4,0,0,0,0,6,1,8,3,30
36581,0,0,0,0,1,0,0,0,0,0,0,2,0,0,0,1,0,8,3,0,0,14
36582,0,0,0,0,1,0,0,0,0,0,0,2,0,1,0,0,0,7,1,0,0,11
36600,0,0,0,0,0,0,0,0,0,0,0,2,0,0,0,0,0,6,2,0,0,10
36603,0,0,0,0,1,0,0,0,0,0,0,2,0,1,0,0,0,7,1,0,0,11
36605,0,0,0,0,1,0,0,0,0,0,0,3,0,0,0,0,0,8,1,0,0,12
36618,0,0,0,0,1,0,0,0,0,1,0,1,0,2,1,1,0,2,0,0,0,8
36621,0,0,0,0,1,0,0,0,0,0,0,2,0,2,1,0,0,3,0,0,0,8
36640,0,0,0,0,1,0,0,0,0,0,0,2,0,0,0,1,0,7,1,0,0,11
36645,0,0,0,0,1,0,0,0,0,1,0,1,0,1,0,1,0,7,2,0,0,13
36648,0,0,0,0,1,0,0,0,0,1,0,3,2,0,0,1,0,6,0,0,0,13
36650,0,0,0,0,1,0,0,0,0,1,0,1,0,1,0,1,0,7,2,0,0,13
36665,0,0,0,0,1,0,0,0,0,0,0,2,0,1,0,0,0,7,1,0,0,11
36676,0,0,0,0,1,0,0,0,0,0,0,2,0,2,1,0,0,3,0,0,0,8
36677,0,1,0,0,0,0,0,0,0,1,0,7,1,0,0,0,0,4,0,3,0,16
36678,0,0,0,0,1,0,0,0,0,1,0,1,0,2,1,1,0,2,0,0,0,8
36681,0,0,0,0,1,0,0,0,0,0,0,1,0,1,0,1,0,6,1,0,0,10
36683,0,0,0,0,1,0,0,0,0,0,0,2,0,1,0,0,0,7,1,0,0,11
36690,0,0,0,0,1,0,0,0,0,0,0,1,0,1,0,1,0,6,1,0,0,10
36696,0,0,0,0,1,0,0,0,0,0,0,3,0,0,0,0,0,8,2,0,0,13
36700,0,0,0,0,1,0,0,0,0,0,0,2,0,1,0,1,0,4,1,1,1,11
36703,0,0,0,0,1,0,0,0,0,0,0,1,0,2,1,1,0,2,0,0,0,7
36719,0,0,0,0,1,0,0,0,0,0,0,3,0,0,0,0,0,8,1,0,0,12
36722,0,0,0,0,1,0,0,0,0,0,0,3,0,0,0,0,0,8,1,0,0,12
36729,0,0,0,0,1,0,0,0,0,1,0,1,0,1,0,1,0,6,1,0,0,11
36734,0,0,0,0,1,0,0,0,0,0,0,2,0,3,3,0,0,3,0,0,0,11
36739,0,0,0,0,1,0,0,0,0,0,0,3,0,0,0,0,0,8,1,0,0,12
36747,0,0,0,0,1,0,0,0,0,0,0,3,0,0,0,0,0,8,1,0,0,12
36748,0,0,0,0,1,0,0,0,0,0,0,1,0,1,0,1,0,6,1,0,0,10
36749,0,1,0,0,0,0,0,0,0,1,0,6,1,0,0,1,0,3,0,5,1,18
36750,0,0,0,0,1,0,0,0,0,0,0,2,0,0,0,1,0,7,1,0,0,11
36753,0,0,0,0,1,0,0,0,0,0,0,4,1,0,0,0,0,8,2,0,0,15
36762,0,0,0,0,0,0,0,0,0,0,0,2,0,0,0,0,0,7,2,0,0,11
36763,0,0,0,0,1,0,0,0,0,0,0,2,0,0,0,1,0,7,1,0,0,11
36767,0,0,0,0,1,0,0,0,0,1,0,6,2,0,1,2,0,10,5,2,3,32
36768,0,0,0,0,1,0,0,0,0,1,0,1,0,1,0,1,0,4,1,0,0,9
36791,0,0,1,0,0,0,0,3,0,0,0,3,1,4,0,0,0,8,2,0,0,21
36792,0,0,0,0,1,0,0,0,0,1,0,1,0,1,0,1,0,6,2,0,0,12
36798,0,0,0,0,1,0,0,1,0,0,0,3,0,0,0,0,0,8,3,0,0,15
36799,0,0,0,1,0,0,0,0,0,2,1,2,0,1,1,3,0,5,1,0,0,16
36802,0,0,0,0,1,0,0,0,0,0,0,2,0,1,0,0,0,7,1,0,0,11
36803,0,0,0,0,1,0,0,0,0,1,1,4,1,0,0,0,0,7,0,0,0,14
36816,0,0,0,0,1,0,0,0,0,1,0,1,0,1,0,1,0,6,1,0,0,11
36819,0,1,0,0,0,0,0,1,0,1,0,9,3,0,0,0,0,6,3,16,13,52
36821,0,0,0,0,1,0,0,0,0,0,0,3,0,0,0,0,0,8,1,0,0,12
36826,0,0,0,0,1,0,0,0,0,0,0,3,0,0,0,0,0,7,0,1,1,12
36837,0,0,0,0,1,0,0,0,0,0,0,1,0,1,0,1,0,6,1,0,0,10
36841,0,0,0,0,1,0,0,0,0,0,0,2,0,2,1,0,0,3,0,0,0,8
36847,0,0,0,0,1,0,0,0,0,0,0,2,0,1,0,0,0,7,1,0,0,11
36849,0,0,0,0,1,0,0,0,0,0,0,3,1,0,0,1,0,7,1,0,0,13
36852,0,0,0,0,1,0,0,0,0,0,0,4,1,0,0,0,0,8,1,0,0,14
36856,0,1,0,0,0,0,0,0,0,0,0,7,1,0,0,2,0,3,0,3,0,16
36861,0,0,0,0,1,0,0,0,0,0,0,2,0,1,0,0,0,5,1,0,0,9
36874,0,0,0,0,0,1,0,0,0,0,0,1,0,1,0,1,0,1,0,4,1,9
36877,0,0,0,0,0,1,0,0,0,0,0,1,0,2,0,0,0,3,1,6,1,14
36879,0,0,0,0,0,1,0,0,0,0,0,1,0,1,0,2,1,1,0,2,0,8
36891,0,0,0,0,0,1,0,0,0,0,0,1,0,1,0,1,0,2,1,7,3,16
36894,0,0,0,0,0,1,0,0,0,0,0,1,0,2,0,0,0,1,0,7,1,12
36905,0,0,0,0,0,1,0,0,0,0,0,1,0,2,0,0,0,1,0,7,1,12
36910,0,0,0,0,0,1,0,0,0,0,0,1,0,1,0,2,1,1,0,2,0,8
36913,0,0,0,0,0,1,0,0,0,0,0,0,0,3,0,0,0,0,0,8,1,12
36916,0,0,0,0,0,1,0,0,0,0,0,1,0,3,2,1,0,1,0,6,1,15
36917,0,0,0,0,0,1,0,0,0,0,0,0,0,4,1,1,0,0,0,4,0,10
36918,0,0,0,0,0,1,0,0,0,0,0,1,0,2,0,2,1,1,0,6,0,13
36919,0,0,0,0,0,1,0,0,0,0,0,1,0,1,0,1,0,1,0,6,1,11
36929,0,0,0,0,0,1,0,0,0,0,0,0,0,2,0,1,0,0,0,7,1,11
36933,0,0,0,0,0,1,0,0,0,0,0,1,0,2,0,0,0,1,0,7,1,12
36937,0,0,0,0,0,1,0,0,0,0,0,1,0,2,0,0,0,1,1,8,1,14
36941,0,0,0,0,0,1,0,0,0,0,0,1,0,1,0,2,1,1,0,2,0,8
36948,0,0,0,0,0,1,0,0,0,1,1,1,0,1,0,1,0,1,0,4,0,10
36949,0,0,0,0,0,1,0,0,0,0,1,0,0,2,0,1,0,0,0,4,0,8
36952,0,0,0,0,0,1,0,0,0,0,0,1,0,1,0,2,1,1,0,2,0,8
36953,0,0,0,0,0,1,0,0,0,0,0,1,0,1,0,1,0,1,0,6,1,11
36958,0,0,0,0,0,1,0,0,0,0,0,1,0,1,0,1,0,1,0,6,1,11
36963,0,0,0,0,0,1,0,0,0,0,0,1,0,1,0,1,0,1,0,6,1,11
36970,0,0,0,0,0,1,0,0,0,0,0,1,0,1,0,2,1,1,0,2,0,8
36971,0,0,0,0,0,1,0,0,0,0,0,1,0,1,0,1,0,1,0,6,1,11
36973,0,0,0,0,0,1,0,0,0,0,0,0,0,2,0,2,1,0,0,3,0,8
36974,0,1,0,0,0,0,0,0,0,1,0,5,0,2,1,0,0,2,0,6,0,17
36976,0,0,0,0,0,1,0,0,0,0,0,1,0,1,0,1,0,1,0,6,2,12
36979,0,0,0,0,0,1,0,0,0,0,0,1,0,2,0,0,0,1,0,10,2,16
36982,0,0,0,0,0,1,0,0,0,0,0,1,0,2,0,0,0,1,0,7,1,12
36984,0,0,0,0,0,1,0,0,0,0,0,1,0,2,0,0,0,1,0,7,1,12
36987,0,0,0,0,0,1,0,0,0,0,0,1,0,1,0,1,0,1,0,6,1,11
36994,0,0,0,0,0,1,0,0,0,0,0,1,0,1,0,2,1,1,0,2,0,8
36996,0,0,0,0,0,1,0,0,0,0,0,1,0,1,0,1,0,1,0,6,1,11
36998,0,0,0,0,0,1,0,3,2,0,0,1,0,1,0,1,0,1,0,6,0,15
37000,0,0,0,0,0,1,0,0,0,0,0,1,0,1,0,1,0,1,0,6,1,11
37006,0,0,0,0,0,1,0,0,0,0,0,1,0,1,0,1,0,1,0,7,2,13
37018,0,0,0,0,0,1,0,0,0,0,0,1,0,2,0,0,0,1,0,7,1,12
37021,0,0,0,0,0,1,0,0,0,0,0,1,0,1,0,1,0,1,0,5,1,10
37027,0,0,0,0,0,1,0,0,0,0,0,1,0,3,1,0,0,3,1,7,2,18
37029,0,0,0,0,0,1,0,0,0,0,0,0,0,3,0,0,0,0,0,8,1,12
37034,0,0,0,0,0,1,0,0,0,0,0,1,0,2,0,0,0,1,0,7,1,12
37040,0,1,0,0,0,0,0,0,0,1,0,5,0,1,1,0,0,2,0,7,2,19
37042,0,0,0,0,0,1,0,0,0,0,0,1,0,1,0,1,0,1,0,6,1,11
37051,0,0,0,0,0,1,0,0,0,0,0,1,0,2,0,0,0,1,0,7,1,12
37055,0,0,0,0,0,1,0,0,0,0,0,1,0,2,0,0,0,1,0,8,1,13
37056,0,0,0,0,0,1,0,0,0,0,0,1,0,2,0,0,0,1,0,7,4,15
37060,0,0,0,0,0,1,0,0,1,1,0,1,0,1,0,0,0,1,0,2,0,7
37063,0,0,0,0,0,1,0,0,0,0,0,1,0,2,0,0,0,1,0,7,1,12
37065,0,0,0,0,0,1,0,0,0,0,0,1,0,2,0,0,0,1,0,7,1,12
37072,0,0,0,0,1,0,0,0,0,0,0,3,1,1,0,2,1,3,1,5,2,19
37079,0,0,0,0,0,1,0,0,0,0,0,1,0,1,0,1,0,1,0,7,2,13
37081,0,0,0,0,0,1,0,0,0,0,0,1,0,1,0,1,1,1,0,3,0,8
37083,0,0,0,0,0,1,0,0,0,0,0,1,0,2,0,1,1,1,0,6,0,12
37091,0,0,0,0,0,1,0,0,0,0,0,1,0,2,3,1,0,1,0,6,0,14
37092,0,0,0,0,0,1,0,0,0,0,0,1,0,1,0,1,0,1,0,4,1,9
37096,0,0,0,0,0,1,0,1,1,0,0,1,0,1,0,1,0,1,0,5,0,11
37113,0,0,0,0,0,1,0,0,0,0,0,1,0,1,0,2,1,1,0,2,0,8
37115,0,0,0,0,0,1,0,0,0,0,0,1,0,1,0,1,0,1,0,7,2,13
37117,0,0,0,0,0,1,0,0,0,0,0,0,0,3,0,0,0,0,0,8,1,12
37121,0,0,0,0,0,1,0,0,0,0,0,1,0,1,0,1,0,1,0,6,1,11
37127,0,0,0,0,0,1,0,0,0,0,0,1,0,1,0,3,2,1,0,2,0,10
37131,0,0,0,0,0,1,0,0,0,0,0,1,0,1,0,1,0,1,0,6,1,11
37134,0,0,0,0,0,0,1,4,0,0,0,0,0,2,0,0,0,0,0,7,2,15
37141,0,0,0,0,0,1,0,0,0,0,0,1,0,1,0,1,0,1,0,6,1,11
37143,0,0,0,0,0,1,0,0,0,0,0,1,0,2,0,1,1,1,0,6,0,12
37149,0,0,0,0,0,1,0,0,0,0,0,0,0,2,0,1,0,0,0,7,1,11
37151,0,0,0,0,0,1,0,0,0,0,0,1,0,1,0,1,0,1,0,6,1,11
37152,0,0,0,0,0,1,0,0,0,0,0,1,0,1,0,2,1,1,0,2,0,8
37165,0,0,0,0,0,1,0,0,0,0,0,1,0,2,0,0,0,1,0,7,1,12
37174,0,0,0,0,0,1,0,1,0,0,0,1,0,2,0,0,0,1,0,7,3,15
37191,0,0,0,0,0,1,0,0,0,0,0,1,0,1,0,2,1,1,0,2,0,8
37192,0,0,0,0,0,1,0,0,1,0,0,0,0,3,0,0,0,0,0,8,2,14
37193,0,0,1,0,0,0,0,3,0,0,0,1,0,6,1,0,0,3,0,4,1,19
37196,0,0,0,0,0,1,0,0,0,0,0,1,0,2,0,0,0,1,0,7,1,12
37197,0,0,0,0,0,1,0,0,0,0,0,1,0,1,0,1,0,1,0,6,1,11
37218,0,0,1,0,0,0,0,3,0,0,0,0,0,7,1,0,0,2,1,5,1,20
37223,0,0,0,0,0,1,0,0,0,0,0,1,0,1,0,1,0,1,0,6,1,11
37228,0,0,0,0,0,1,0,0,0,0,0,1,0,2,0,0,0,1,0,7,1,12
37231,0,0,0,0,0,1,0,0,0,0,0,1,0,2,0,0,0,1,0,7,1,12
37234,0,0,0,0,0,1,0,0,0,0,0,0,0,2,0,1,0,0,0,7,1,11
37236,0,0,0,0,0,1,0,0,0,0,0,1,0,1,0,1,0,1,0,7,2,13
37241,0,0,0,0,0,1,0,0,0,0,0,1,0,2,0,0,0,1,0,7,1,12
37242,0,0,0,0,0,1,0,0,0,0,0,0,0,2,0,2,1,0,0,3,0,8
37244,0,0,0,0,0,1,0,0,0,0,0,1,0,1,0,2,1,1,0,2,0,8
37249,0,0,0,0,0,1,0,0,0,0,0,0,0,2,0,1,0,0,0,7,1,11
37252,0,0,0,0,0,1,0,0,0,0,0,1,0,1,0,1,0,1,0,6,1,11
37255,0,0,0,0,0,1,0,0,0,0,0,0,0,2,0,1,0,0,0,7,1,11
37257,0,0,0,0,0,1,0,0,0,0,0,1,0,2,0,0,0,1,0,7,1,12
37260,0,0,0,0,0,1,0,0,0,0,0,1,0,5,0,2,1,1,0,6,0,16
37262,0,0,0,0,0,1,0,0,0,0,0,1,0,1,0,3,2,1,0,2,0,10
37272,0,0,0,0,0,1,0,0,0,0,0,0,0,2,0,1,0,0,0,7,1,11
37279,0,0,0,0,0,1,0,0,0,0,0,1,0,2,1,0,0,1,0,6,2,13
37297,0,0,0,0,0,1,0,0,0,0,0,1,0,2,0,0,0,1,0,7,1,12
37303,0,0,0,0,0,1,0,1,1,0,0,0,0,3,0,0,0,0,0,7,0,12
37308,0,0,0,0,0,1,0,0,0,0,0,1,0,1,0,1,0,1,0,6,1,11
37309,0,0,0,0,0,1,0,1,1,0,0,1,0,2,0,0,0,1,0,6,0,12
37313,0,0,0,0,0,1,0,0,0,0,0,0,0,3,0,0,0,0,0,8,1,12
37315,0,0,0,0,0,1,0,0,0,0,0,0,0,3,0,0,0,0,0,8,3,14
37317,0,0,0,0,0,1,0,0,0,0,0,1,0,2,0,0,0,1,0,7,1,12
37322,0,0,0,0,0,1,0,0,0,0,0,1,0,1,0,2,1,1,0,2,0,8
37323,0,0,0,0,0,1,0,0,0,0,0,1,0,1,0,1,0,1,0,6,1,11
37330,0,0,0,0,0,1,0,0,0,0,0,1,0,2,0,0,0,1,0,7,1,12
37351,0,0,0,0,0,1,0,0,0,0,0,1,0,3,1,0,0,1,0,7,1,14
37352,0,0,0,0,0,1,0,0,0,0,0,1,0,3,1,0,0,1,0,7,1,14
37357,0,0,0,0,0,1,0,0,0,0,0,2,3,2,0,0,0,1,0,6,0,14
37360,0,0,0,0,0,1,0,0,0,0,0,0,0,2,0,2,1,0,0,3,0,8
37367,0,0,0,0,0,1,0,1,0,0,0,2,2,2,0,0,0,3,4,6,3,23
37368,0,0,0,0,0,1,0,0,0,0,0,2,1,2,1,1,0,1,0,5,0,13
37372,0,1,0,0,0,0,0,0,0,1,0,5,0,2,1,0,0,4,1,6,0,20
37379,0,0,0,0,0,1,0,0,0,0,0,1,0,1,0,2,1,1,0,2,0,8
37389,0,0,0,0,0,1,0,0,0,0,0,1,0,2,0,0,0,1,0,7,1,12
37391,0,0,0,0,0,1,0,0,0,0,0,1,0,2,0,0,0,1,0,7,1,12
37415,0,0,0,0,0,1,0,0,0,0,0,1,0,2,0,0,0,1,0,7,1,12
37422,0,0,0,0,0,1,0,0,0,0,0,0,0,2,0,1,0,0,0,7,1,11
37429,0,0,0,0,0,1,0,0,0,0,0,1,0,3,1,0,0,1,0,7,1,14
37431,0,0,0,0,0,1,0,0,0,0,0,1,0,1,0,1,0,1,0,6,1,11
37435,0,0,0,0,0,1,0,0,0,0,0,1,0,1,0,3,4,1,0,2,0,12
37440,0,0,0,0,0,1,0,0,0,0,0,1,0,2,0,2,1,1,0,8,1,16
37444,0,0,0,0,0,1,0,0,0,0,0,0,0,2,0,1,0,0,0,5,1,9
37451,0,0,1,0,0,0,0,3,0,0,0,2,0,7,3,0,0,1,0,4,2,22
37461,0,0,0,0,0,1,0,0,0,0,0,1,0,1,0,1,0,1,0,6,1,11
37467,0,0,0,0,0,1,0,0,0,0,0,1,0,1,0,1,0,1,0,6,1,11
37473,0,0,0,0,0,1,0,0,0,0,0,1,0,1,0,2,1,1,0,2,0,8
37477,0,1,0,0,0,0,0,0,0,1,0,4,0,4,2,0,0,1,0,10,2,24
37481,0,0,0,0,0,1,0,0,0,0,0,1,0,3,1,2,1,1,0,6,0,15
37483,0,0,0,0,0,1,0,0,0,2,1,1,0,2,0,0,0,1,0,7,1,15
37494,0,0,0,0,0,1,0,0,0,0,0,1,0,1,0,2,1,1,0,2,0,8
37495,0,0,0,0,0,1,0,0,0,0,0,0,0,2,0,2,1,0,0,3,0,8
37504,0,0,0,0,0,1,0,1,0,0,0,1,0,1,0,1,0,1,0,3,1,9
37515,0,0,0,0,0,1,0,0,0,0,0,1,0,1,0,1,0,1,0,6,1,11
37516,0,0,0,0,0,1,0,0,0,0,0,1,0,2,0,0,0,1,0,7,1,12
37519,0,0,0,0,0,1,0,0,0,0,0,1,0,2,0,0,0,1,0,7,2,13
37525,0,0,0,0,0,1,0,0,0,0,0,1,0,1,0,1,0,1,0,6,1,11
37527,0,0,0,0,0,1,0,0,0,0,0,1,0,1,0,1,0,1,0,6,1,11
37530,0,0,0,0,0,1,0,1,0,0,0,1,0,1,0,1,0,2,1,2,1,10
37549,0,0,0,0,0,1,0,0,0,0,0,1,0,1,0,1,0,1,0,6,1,11
37570,0,0,0,0,0,1,0,0,0,0,0,1,0,1,0,1,0,1,0,6,1,11
37580,0,0,0,0,0,1,0,0,0,0,0,0,0,4,1,0,0,0,0,8,1,14
37597,0,0,1,0,0,0,0,3,0,0,0,1,0,7,4,0,0,5,1,2,1,24
37602,0,0,1,0,0,0,0,3,0,0,0,1,0,6,3,0,0,3,0,3,1,20
37608,0,0,0,0,0,0,0,0,0,1,2,1,0,1,0,0,0,3,1,3,0,12
37638,0,0,0,1,0,0,0,0,0,3,3,0,1,5,6,3,0,0,0,7,3,31
37639,0,0,0,0,0,1,0,0,0,0,0,1,0,2,2,0,0,1,0,7,2,15
37640,0,0,0,0,0,1,0,0,0,0,0,1,0,1,0,1,0,1,0,6,1,11
37641,0,0,0,0,0,1,0,0,0,0,0,0,0,3,0,0,0,0,0,8,1,12
37651,0,1,0,0,0,0,0,0,0,1,0,5,0,2,1,0,0,2,0,7,1,19
37658,0,0,0,0,0,1,0,0,0,0,0,0,0,3,0,0,0,0,0,8,1,12
37660,0,0,0,0,0,0,0,0,0,0,0,1,0,1,0,0,0,7,4,2,0,15
37665,0,0,0,0,0,1,0,0,0,0,0,1,0,1,0,2,1,1,0,2,0,8
37674,0,0,0,0,0,1,0,0,0,0,0,1,0,1,0,3,2,1,0,2,0,10
37677,0,0,0,0,0,1,0,0,0,0,0,1,0,2,0,0,0,1,0,7,1,12
37679,0,0,0,0,0,1,0,0,0,0,0,1,0,1,0,2,1,1,0,2,0,8
37681,1,0,0,0,0,0,0,0,0,4,0,1,0,3,1,0,0,1,0,4,1,15
37692,0,0,0,0,0,1,0,0,0,0,0,1,0,2,0,0,0,1,0,7,1,12
37696,0,0,0,0,0,1,0,0,0,0,0,1,0,3,1,0,0,1,0,7,1,14
37697,0,1,0,0,0,0,0,0,0,1,0,5,0,1,1,2,0,2,0,8,2,22
37699,0,0,0,0,0,1,0,0,0,0,0,1,0,2,0,0,0,1,0,7,1,12
37708,0,0,0,0,0,1,0,0,0,0,0,1,0,1,0,2,1,1,0,2,0,8
37710,0,0,0,0,0,1,0,0,0,0,0,1,0,1,0,4,3,1,0,2,0,12
37717,0,0,0,0,0,1,0,0,0,0,0,1,0,1,0,2,1,1,0,2,0,8
37719,0,0,0,0,0,1,0,0,0,0,0,1,0,2,0,0,0,1,0,7,1,12
37722,0,1,0,0,0,0,0,0,0,1,0,5,0,2,1,0,0,2,0,6,0,17
37725,0,0,0,0,0,1,0,0,0,0,0,1,0,1,0,1,0,1,0,6,1,11
37732,0,0,0,0,0,1,0,0,0,0,0,1,0,1,0,1,0,1,0,3,1,8
37736,0,0,0,0,0,1,0,0,0,0,0,1,0,1,0,1,0,1,0,6,1,11
37739,0,0,0,0,0,1,0,0,0,0,0,1,0,1,0,1,0,1,0,6,1,11
37744,0,0,0,0,0,1,0,0,0,0,0,0,0,2,0,1,0,0,0,7,1,11
37747,0,0,0,0,0,1,0,0,0,0,0,1,0,1,0,1,0,1,0,6,1,11
37752,0,0,0,0,0,1,0,0,0,0,0,1,0,1,0,1,0,1,0,6,1,11
37766,0,0,0,1,0,0,0,0,0,3,0,1,0,3,5,3,0,3,1,4,0,23
37775,0,0,0,0,0,1,0,0,0,0,0,1,0,1,0,3,2,1,0,2,0,10
37786,0,0,0,0,0,1,0,0,0,0,0,1,0,2,0,0,0,1,0,7,1,12
37787,0,0,0,0,0,1,0,0,2,2,0,1,0,1,0,0,0,1,0,2,0,9
37789,0,0,0,0,0,1,0,0,0,0,0,1,0,1,0,3,2,1,0,2,0,10
37797,0,0,0,0,0,1,0,0,0,0,0,1,0,2,0,0,0,3,1,6,1,14
37799,0,0,0,0,0,1,0,0,0,0,0,1,0,2,0,0,0,1,0,7,1,12
37804,0,1,0,0,0,0,0,0,0,1,0,5,0,2,2,0,0,4,1,13,5,33
37806,0,0,0,0,0,1,0,0,0,0,0,1,0,1,0,2,1,1,0,2,0,8
37817,0,0,0,0,0,0,1,7,0,1,1,1,1,0,0,3,0,0,0,0,0,14
37822,0,0,0,0,0,0,1,8,1,0,0,0,0,0,0,3,0,0,0,0,0,12
37825,0,0,0,0,0,0,1,8,1,0,0,0,0,0,0,3,0,0,0,0,0,12
37835,0,1,0,0,0,0,0,3,0,1,0,4,0,0,0,3,0,1,0,5,1,18
37836,0,0,0,0,0,0,1,3,0,0,0,0,0,0,0,3,0,2,3,0,0,11
37847,0,0,0,0,0,0,1,7,0,1,1,0,0,0,0,3,0,0,0,0,0,12
37848,0,0,0,0,0,0,1,7,1,0,0,0,0,0,0,3,0,1,0,0,0,12
37855,0,0,0,0,0,0,1,7,1,0,0,0,0,0,0,3,0,1,0,0,0,12
37857,0,0,0,0,0,0,1,8,1,0,0,0,0,0,0,3,0,0,0,0,0,12
37861,0,0,0,0,0,0,1,8,2,0,0,0,0,0,0,3,0,0,0,0,0,13
37865,0,0,0,0,0,0,1,8,2,0,0,0,0,0,0,3,0,0,0,0,0,13
37866,0,0,0,0,0,0,1,5,1,0,0,0,0,0,0,3,0,1,0,0,0,10
37870,0,0,0,0,0,0,1,8,1,0,0,0,0,0,0,3,0,0,0,0,0,12
37878,0,1,0,0,0,0,0,7,2,0,0,4,0,1,1,3,0,0,0,0,0,18
37879,0,0,0,0,0,0,1,7,1,0,0,0,0,0,0,3,0,1,1,0,0,13
37890,0,0,0,0,0,0,1,3,0,0,0,0,0,0,0,3,0,2,1,0,0,9
37893,0,0,0,0,0,0,1,5,1,0,0,0,0,0,0,3,0,1,0,0,0,10
37898,0,0,0,0,0,0,1,3,0,0,0,0,0,0,0,3,0,2,1,0,0,9
37899,0,0,0,0,0,0,1,7,1,0,0,0,0,0,0,3,0,1,0,0,0,12
37910,0,0,0,0,1,0,0,5,1,0,0,3,0,0,0,4,2,3,0,0,0,18
37911,0,0,0,0,0,0,1,7,0,0,0,1,2,2,0,3,0,0,0,0,0,15
37917,0,0,0,0,0,0,1,7,1,0,0,0,0,0,0,3,0,1,0,0,0,12
37919,0,0,0,0,0,0,1,7,0,1,1,0,0,0,0,3,0,0,0,0,0,12
37936,0,0,0,0,0,0,1,7,1,0,0,0,0,0,0,3,0,1,0,0,0,12
37950,0,0,0,0,0,0,1,7,0,0,0,1,1,0,0,3,0,0,0,0,0,12
37951,0,0,0,0,0,0,1,5,1,0,0,0,0,0,0,3,0,1,0,0,0,10
37956,0,0,0,0,0,0,1,7,1,0,0,0,0,0,0,3,0,1,0,0,0,12
37958,0,0,0,0,0,0,1,7,1,0,0,0,0,0,0,3,0,1,0,0,0,12
37964,0,1,0,0,0,0,0,3,0,1,2,3,0,0,0,5,1,0,0,3,0,18
37965,0,0,0,0,0,0,1,7,1,0,0,0,0,0,0,3,0,1,0,0,0,12
37969,0,0,0,0,0,0,1,8,1,0,0,0,0,0,0,3,0,0,0,0,0,12
37974,0,0,0,1,0,0,0,4,1,3,0,0,0,0,0,7,2,0,0,2,0,19
37976,0,0,0,0,0,0,1,7,0,0,0,1,1,0,0,3,0,0,0,0,0,12
37978,0,0,0,0,0,0,1,7,1,0,0,0,0,0,0,3,0,1,0,0,0,12
37991,0,0,0,0,1,0,0,5,0,0,0,3,0,0,0,4,1,3,0,0,0,16
37993,0,0,0,0,0,0,1,8,1,0,0,0,0,0,0,3,0,0,0,0,0,12
38027,0,0,0,0,1,0,0,5,1,1,0,3,0,0,0,5,2,4,0,0,0,21
38031,0,0,0,0,0,0,1,7,1,0,0,0,0,0,0,3,0,1,0,0,0,12
38035,0,0,0,1,0,0,0,5,1,3,0,0,0,0,0,7,1,0,0,2,0,19
38045,0,0,0,0,0,0,1,4,1,0,0,0,0,0,0,3,0,1,0,0,0,9
38049,0,0,0,0,0,0,1,7,0,0,0,0,0,1,1,3,0,0,0,0,0,12
38066,0,0,0,0,0,0,1,7,2,0,0,0,0,0,0,3,0,1,0,0,0,13
38082,0,0,0,0,0,0,1,8,1,0,0,0,0,0,0,3,0,0,0,0,0,12
38088,0,1,0,0,0,0,0,3,0,3,1,4,0,0,0,4,1,1,0,4,0,21
38093,0,0,0,0,0,0,1,8,2,0,0,0,0,0,0,3,0,1,0,0,0,14
38098,0,0,0,0,0,0,1,7,1,0,0,0,0,0,0,3,0,1,0,0,0,12
38101,0,0,0,0,0,0,1,8,1,0,0,0,0,0,0,3,0,0,0,0,0,12
38102,0,0,0,0,0,0,1,7,0,0,0,0,0,0,0,3,0,1,1,0,0,12
38104,0,0,0,0,0,1,0,4,2,2,0,2,0,3,0,3,0,0,0,4,1,21
38107,0,0,0,0,0,0,1,7,1,0,0,0,0,0,0,3,0,1,0,0,0,12
38130,0,0,0,0,1,0,0,5,0,0,0,3,0,0,0,4,1,3,0,0,0,16
38133,0,0,0,0,0,0,1,7,1,0,0,0,0,0,0,3,0,1,0,0,0,12
38141,0,0,0,0,0,0,1,7,1,0,0,0,0,0,0,3,0,1,0,0,0,12
38149,0,0,0,0,0,0,1,3,0,0,0,0,0,0,0,3,0,2,1,0,0,9
38156,0,0,0,0,0,0,1,4,0,0,0,0,0,0,0,4,1,1,0,0,0,10
38162,0,0,0,0,0,0,1,3,0,0,0,0,0,0,0,3,0,2,1,0,0,9
38165,0,0,0,0,0,0,1,7,1,0,0,0,0,0,0,3,0,1,0,0,0,12
38172,0,0,0,0,0,0,1,3,0,0,0,0,0,0,0,3,0,2,1,0,0,9
38175,0,0,0,0,0,0,1,8,1,0,0,0,0,0,0,3,0,0,0,0,0,12
38178,0,0,0,0,0,0,1,7,1,0,0,0,0,0,0,3,0,1,0,0,0,12
38180,0,0,0,1,0,0,0,5,1,3,0,0,0,0,0,7,1,0,0,2,0,19
38186,0,0,0,0,0,0,1,7,0,0,0,2,2,0,0,4,1,0,0,0,0,16
38191,0,0,0,0,0,0,1,7,0,0,0,0,0,0,0,3,0,1,1,0,0,12
38194,0,0,0,0,0,0,1,3,0,0,0,0,0,0,0,3,0,2,1,0,0,9
38202,0,0,0,0,0,0,1,7,1,0,0,0,0,0,0,3,0,1,0,0,0,12
38206,0,0,0,0,0,0,1,3,0,0,0,0,0,0,0,3,0,2,1,0,0,9
38219,0,1,0,0,0,0,0,3,0,2,1,4,0,0,0,4,1,1,0,4,0,20
38221,0,0,0,1,0,0,0,3,0,3,0,0,0,0,0,7,2,0,0,2,0,17
38227,0,0,0,0,0,0,1,7,1,0,0,0,0,0,0,3,0,1,0,0,0,12
38228,0,0,0,0,0,0,1,7,1,0,0,0,0,0,0,3,0,1,0,0,0,12
38241,0,0,0,0,0,0,1,8,1,0,0,0,0,0,0,3,0,0,0,0,0,12
38242,0,1,0,0,0,0,0,3,0,1,0,4,0,0,0,4,2,1,0,4,0,19
38248,0,0,0,0,0,0,1,3,0,0,0,0,0,0,0,3,0,2,1,0,0,9
38249,0,0,0,0,0,0,1,6,0,0,0,1,2,0,0,3,0,1,0,0,0,13
38250,0,0,0,0,0,0,1,8,1,0,0,0,0,0,0,3,0,0,0,0,0,12
38253,0,1,0,0,0,0,0,3,0,1,0,4,0,0,0,4,2,1,0,4,0,19
38255,0,0,0,0,0,0,1,7,0,1,1,0,0,0,0,3,0,0,0,0,0,12
38257,0,0,0,0,0,0,1,8,1,0,0,0,0,0,0,3,0,0,0,0,0,12
38260,0,0,0,0,0,0,1,7,0,0,0,0,0,0,0,5,1,0,0,0,0,13
38263,0,1,0,0,0,0,0,5,1,1,0,4,0,0,0,4,2,1,1,4,0,23
38264,0,0,0,0,0,0,1,8,1,0,0,0,0,0,0,3,0,0,0,0,0,12
38273,0,0,0,0,0,0,1,7,1,0,0,0,0,0,0,3,0,1,0,0,0,12
38278,0,0,0,0,0,0,1,7,1,0,0,0,0,0,0,3,0,1,0,0,0,12
38285,0,0,0,0,0,0,1,8,1,0,0,0,0,0,0,3,0,0,0,0,0,12
38288,0,0,0,0,0,0,1,7,0,1,1,0,0,0,0,3,0,0,0,0,0,12
38293,0,0,0,0,0,0,1,7,0,0,0,0,0,0,0,5,1,0,0,0,0,13
38297,0,0,0,1,0,0,0,3,0,3,0,0,0,0,0,7,1,0,0,2,0,16
38303,0,0,0,0,0,0,1,8,1,0,0,0,0,0,0,3,0,0,0,0,0,12
38306,0,0,0,0,0,0,1,3,0,0,0,0,0,0,0,3,0,2,3,0,0,11
38315,0,1,0,0,0,0,0,7,2,0,0,4,0,0,0,3,0,0,0,0,0,16
38319,0,0,0,0,0,0,1,7,1,0,0,0,0,0,0,3,0,1,0,0,0,12
38321,0,0,0,0,0,0,1,8,2,0,0,0,0,0,0,3,0,1,0,0,0,14
38323,0,0,0,0,0,0,1,8,1,0,0,0,0,0,0,4,1,0,0,0,0,14
38332,0,0,0,0,0,0,1,6,0,0,0,2,0,0,0,6,0,0,0,1,1,16
38335,0,0,0,0,0,0,1,8,1,0,0,0,0,0,0,3,0,0,0,0,0,12
38345,0,0,0,0,0,0,1,8,1,0,0,0,0,0,0,3,0,0,0,0,0,12
38351,0,0,0,0,0,0,1,7,0,0,0,0,0,0,0,5,1,0,0,0,0,13
38356,0,0,0,0,0,0,1,7,2,0,0,0,0,0,0,3,0,1,0,0,0,13
38358,0,1,0,0,0,0,0,5,1,1,0,4,0,0,0,4,2,1,0,4,0,22
38360,0,0,0,0,0,0,1,5,1,0,0,0,0,0,0,3,0,1,0,0,0,10
38382,0,0,0,0,0,0,1,7,1,0,0,0,0,0,0,3,0,1,0,0,0,12
38396,0,0,0,0,0,0,1,3,0,0,0,0,0,0,0,3,0,2,1,0,0,9
38397,0,0,0,0,1,0,0,7,1,0,0,3,0,0,0,4,1,3,0,0,0,19
38412,0,0,0,0,0,0,1,3,0,0,0,0,0,0,0,3,0,2,1,0,0,9
38415,0,0,0,0,0,0,1,8,2,2,0,0,0,0,0,3,0,0,0,0,0,15
38416,0,0,0,0,0,0,1,7,2,0,0,0,0,0,0,3,0,1,0,0,0,13
38421,0,0,0,0,0,0,1,9,1,0,0,0,0,0,0,5,2,0,0,0,0,17
38423,0,0,0,0,0,0,1,8,1,0,0,0,0,0,0,3,0,0,0,0,0,12
38433,0,0,0,1,0,0,0,4,1,3,0,0,0,0,0,7,1,0,0,2,0,18
38434,0,0,0,0,0,0,1,7,0,0,0,0,0,0,0,3,0,0,0,2,1,13
38461,0,0,0,0,0,0,1,7,2,0,0,0,0,0,0,3,0,1,0,0,0,13
38477,0,1,0,0,0,0,0,3,0,1,0,4,1,0,0,4,1,1,0,3,0,18
38479,0,0,0,0,0,0,0,6,2,0,0,0,0,0,0,3,0,0,0,0,0,11
38488,0,0,0,0,0,1,0,5,2,0,0,1,0,3,0,5,3,1,0,4,0,24
38498,0,1,0,0,0,0,0,5,1,1,0,4,0,0,0,4,1,1,0,4,0,21
38519,0,0,0,1,0,0,0,5,1,3,0,0,0,0,0,7,2,0,0,2,0,20
38520,0,0,0,0,0,0,1,3,0,0,0,0,0,0,0,3,0,1,0,1,1,9
38521,0,0,0,0,0,0,1,3,0,0,0,0,0,0,0,3,0,2,1,0,0,9
38534,0,0,0,0,0,0,1,8,1,0,0,0,0,0,0,4,1,0,0,0,0,14
38550,0,0,0,0,0,0,1,8,3,0,0,0,0,0,0,3,0,1,0,0,0,15
38564,0,1,0,0,0,0,0,6,1,0,0,3,0,1,1,3,0,0,0,0,0,15
38577,0,0,0,0,0,0,1,8,1,0,0,0,0,0,0,3,0,0,0,0,0,12
38580,0,0,0,0,0,0,1,3,0,0,0,0,0,0,0,3,0,2,1,0,0,9
38590,0,0,0,0,0,0,1,7,0,0,0,0,0,0,0,5,1,0,0,0,0,13
38597,0,0,0,0,0,0,1,3,0,0,0,0,0,0,0,3,0,2,1,0,0,9
38611,0,0,0,1,0,0,0,3,0,3,0,0,0,0,0,7,1,0,0,2,0,16
38612,0,0,0,0,0,0,1,8,1,0,0,0,0,0,0,3,0,0,0,0,0,12
38613,0,0,0,0,0,0,1,3,0,0,0,0,0,0,0,3,0,2,1,0,0,9
38619,0,0,0,0,0,0,1,8,1,0,0,0,0,0,0,3,0,0,0,0,0,12
38621,0,0,0,0,0,0,1,8,1,0,0,0,0,0,0,3,0,0,0,0,0,12
38624,0,0,0,0,0,0,1,8,2,0,0,0,0,0,0,3,0,0,0,0,0,13
38627,0,0,0,0,0,0,1,7,1,0,0,1,2,0,0,3,0,1,0,0,0,15
38643,0,0,0,0,0,0,1,7,0,0,0,1,1,0,0,3,0,0,0,0,0,12
38645,0,0,0,0,0,0,1,7,1,0,0,0,0,0,0,3,0,1,0,0,0,12
38647,0,0,0,0,0,0,1,7,1,0,0,0,0,0,0,3,0,1,0,0,0,12
38648,0,0,0,0,0,0,1,3,0,0,0,0,0,0,0,3,0,2,1,0,0,9
38650,0,0,0,0,0,0,1,8,2,0,1,0,0,0,0,3,0,1,0,0,0,15
38668,0,0,0,0,0,0,1,4,1,0,0,0,0,0,0,3,0,2,4,0,0,14
38676,0,0,0,0,0,0,1,9,1,0,0,0,0,0,0,5,2,0,0,0,0,17
38687,0,0,0,0,0,0,1,3,0,0,0,0,0,0,0,3,0,2,2,0,0,10
38703,0,0,0,0,0,0,1,6,0,1,1,0,0,0,0,3,0,1,0,0,0,12
38715,0,0,0,1,0,0,0,5,6,3,0,0,0,0,0,8,7,0,0,2,3,34
38719,0,0,0,0,0,0,1,3,0,0,0,1,1,0,0,3,0,2,1,0,0,11
38721,0,0,0,0,0,0,1,8,1,0,0,0,0,0,0,4,1,0,0,0,0,14
38736,0,0,0,0,0,0,1,7,1,0,0,0,0,0,0,3,0,1,0,0,0,12
38760,0,0,1,0,0,0,0,2,0,0,0,0,0,6,2,0,0,0,0,0,0,10
38763,0,0,0,1,0,0,0,0,0,2,0,0,0,0,0,6,1,0,0,0,0,9
38766,0,1,0,0,0,0,0,0,0,2,0,6,1,0,0,1,0,5,1,3,0,19
38767,0,0,0,0,1,0,0,0,0,0,0,2,0,0,0,0,0,6,1,1,1,11
38768,0,0,0,0,1,0,0,0,0,0,0,2,0,0,0,0,0,6,1,0,0,9
38771,0,0,0,0,0,1,0,0,0,0,0,0,0,2,0,0,0,0,0,5,1,8
38782,0,0,0,0,0,0,1,4,0,0,0,0,0,0,0,2,0,0,1,0,1,8
38784,0,0,0,0,0,0,1,3,0,0,0,0,0,0,0,2,0,2,0,0,1,8
38787,0,0,1,0,0,0,0,2,0,0,0,0,1,5,0,0,0,0,0,0,0,8
38794,0,0,0,0,1,0,0,0,0,0,0,0,0,0,0,0,0,0,1,0,0,1
38839,0,0,1,0,0,0,0,2,0,0,0,0,0,5,1,0,0,0,0,0,0,8
38848,0,0,1,0,0,0,0,2,0,0,0,0,0,5,1,0,0,0,0,0,0,8
38874,0,0,1,0,0,0,0,2,0,0,0,0,0,5,1,0,0,0,0,0,0,8
38891,0,0,1,0,0,0,0,2,0,0,0,0,0,6,2,0,0,0,0,0,0,10
38914,0,0,1,0,0,0,0,2,0,0,0,0,0,5,1,0,0,0,0,0,0,8
38919,0,0,1,0,0,0,0,2,0,0,0,0,0,5,1,0,0,0,0,0,0,8
38926,0,0,1,0,0,0,0,2,0,0,0,0,0,5,1,0,0,0,0,0,0,8
38931,0,0,1,0,0,0,0,2,0,0,0,0,0,5,1,0,0,0,0,0,0,8
38936,0,0,1,0,0,0,0,2,0,0,0,0,0,7,3,0,0,0,0,0,0,12
38937,0,0,1,0,0,0,0,2,0,0,0,0,0,5,1,0,0,0,0,0,0,8
38947,0,0,1,0,0,0,0,2,0,0,0,0,0,5,1,0,0,0,0,0,0,8
38948,0,0,1,0,0,0,0,2,0,0,0,0,0,5,1,0,0,0,0,0,0,8
38950,0,0,1,0,0,0,0,2,0,0,0,0,0,5,1,0,0,0,0,0,0,8
38954,0,0,1,0,0,0,0,2,0,0,0,0,0,6,3,0,0,0,0,0,0,11
38955,0,0,1,0,0,0,0,2,0,0,0,0,0,5,1,0,0,0,0,0,0,8
38958,0,0,1,0,0,0,0,2,0,0,0,0,0,5,1,0,0,0,0,0,0,8
38965,0,0,1,0,0,0,0,2,0,0,0,0,0,5,1,0,0,0,0,0,0,8
38969,0,0,1,0,0,0,0,2,0,0,0,0,0,5,1,0,0,0,0,0,0,8
38978,0,0,1,0,0,0,0,2,0,0,0,0,0,3,0,2,1,0,0,0,0,8
38979,0,0,1,0,0,0,0,2,0,0,0,0,0,5,1,0,0,0,0,0,0,8
38980,0,0,1,0,0,0,0,2,0,0,0,0,0,5,1,0,0,0,0,0,0,8
38981,0,0,1,0,0,0,0,2,0,0,0,0,0,5,1,0,0,0,0,0,0,8
38986,0,0,1,0,0,0,0,2,0,0,0,0,0,5,1,0,0,0,0,0,0,8
38991,0,0,1,0,0,0,0,2,0,0,0,0,0,5,1,0,0,0,0,0,0,8
38996,0,0,1,0,0,0,0,2,0,0,0,0,0,5,2,0,0,0,0,0,0,9
39004,0,0,1,0,0,0,0,2,0,0,0,0,0,3,0,0,0,0,0,2,1,8
39007,0,0,1,0,0,0,0,2,0,0,0,0,0,6,3,0,0,0,0,0,0,11
39018,0,0,1,0,0,0,0,2,0,0,0,0,0,3,0,2,1,0,0,0,0,8
39019,0,0,1,0,0,0,0,2,0,0,0,0,0,5,1,0,0,0,0,0,0,8
39033,0,0,1,0,0,0,0,2,0,0,0,0,0,5,1,0,0,0,0,0,0,8
39034,0,0,1,0,0,0,0,2,0,0,0,0,0,5,2,0,0,0,0,0,0,9
39037,0,0,1,0,0,0,0,2,0,0,0,0,0,5,1,0,0,0,0,0,0,8
39048,0,0,1,0,0,0,0,2,0,0,0,0,0,5,1,0,0,0,0,0,0,8
39050,0,0,1,0,0,0,0,2,0,0,0,0,0,5,1,0,0,0,0,0,0,8
39056,0,0,1,0,0,0,0,2,0,0,0,0,0,5,2,0,0,0,0,0,0,9
39059,0,0,1,0,0,0,0,2,0,0,0,0,0,5,1,0,0,0,0,0,0,8
39060,0,0,1,0,0,0,0,2,0,0,0,0,0,5,1,0,0,0,0,0,0,8
39061,0,0,1,0,0,0,0,2,0,0,0,0,0,5,1,0,0,0,0,0,0,8
39063,0,0,1,0,0,0,0,2,0,0,0,0,0,5,1,0,0,0,0,0,0,8
39068,0,0,1,0,0,0,0,2,0,0,0,0,0,5,1,0,0,0,0,0,0,8
39089,0,0,1,0,0,0,0,2,0,0,0,0,0,5,1,0,0,0,0,0,0,8
39096,0,0,1,0,0,0,0,2,0,0,0,0,0,5,1,0,0,0,0,0,0,8
39105,0,0,1,0,0,0,0,2,0,0,0,0,0,5,1,0,0,0,0,0,0,8
39108,0,0,1,0,0,0,0,3,1,0,0,0,0,5,1,0,0,0,0,0,0,10
39110,0,0,1,0,0,0,0,2,0,0,0,0,0,5,1,0,0,0,0,0,0,8
39112,0,0,1,0,0,0,0,2,0,0,0,0,0,5,1,0,0,0,0,0,0,8
39118,0,0,1,0,0,0,0,2,0,0,0,0,0,5,3,0,0,0,0,0,0,10
39119,0,0,1,0,0,0,0,3,1,0,0,0,0,5,1,0,0,0,0,0,0,10
39129,0,0,1,0,0,0,0,2,0,0,0,0,0,5,1,0,0,0,0,0,0,8
39142,0,0,1,0,0,0,0,2,0,0,0,0,0,5,1,0,0,0,0,0,0,8
39143,0,0,1,0,0,0,0,2,0,0,0,0,0,5,1,0,0,0,0,0,0,8
39148,0,0,1,0,0,0,0,2,0,0,0,0,0,5,2,0,0,0,0,0,0,9
39149,0,0,1,0,0,0,0,2,0,0,0,0,0,5,1,0,0,0,0,0,0,8
39150,0,0,1,0,0,0,0,2,0,0,3,0,0,5,1,0,0,0,0,0,0,11
39152,0,0,1,0,0,0,0,2,0,0,0,0,0,3,0,0,0,2,1,0,0,8
39155,0,0,1,0,0,0,0,2,0,0,0,0,0,5,1,0,0,0,0,0,0,8
39158,0,0,1,0,0,0,0,2,0,0,0,0,0,5,1,0,0,0,0,0,0,8
39168,0,0,1,0,0,0,0,2,0,0,0,0,0,5,1,0,0,0,0,0,0,8
39171,0,0,1,0,0,0,0,2,0,0,0,0,0,5,1,0,0,0,0,0,0,8
39176,0,0,1,0,0,0,0,2,1,0,0,0,0,3,0,0,0,0,0,0,0,6
39187,0,0,1,0,0,0,0,2,0,0,0,0,0,5,1,0,0,0,0,0,0,8
39191,0,0,1,0,0,0,0,2,0,0,0,0,0,5,1,0,0,0,0,0,0,8
39193,0,0,1,0,0,0,0,3,2,0,1,0,0,3,0,0,0,0,0,0,0,9
39201,0,0,1,0,0,0,0,2,0,2,1,0,0,3,0,0,0,0,0,0,0,8
39205,0,0,1,0,0,0,0,2,0,0,0,0,0,5,1,0,0,0,0,0,0,8
39219,0,0,1,0,0,0,0,2,0,0,0,0,0,5,1,0,0,0,0,0,0,8
39231,0,0,1,0,0,0,0,2,0,0,0,0,0,5,1,0,0,0,0,0,0,8
39232,0,0,1,0,0,0,0,2,0,0,0,0,0,5,3,0,0,0,0,0,0,10
39233,0,0,1,0,0,0,0,2,0,0,0,0,0,8,4,0,0,0,0,0,0,14
39236,0,0,1,0,0,0,0,2,0,0,0,0,0,5,1,0,0,0,0,0,0,8
39240,0,0,1,0,0,0,0,2,0,0,0,0,0,3,0,0,0,0,0,2,1,8
39241,0,0,1,0,0,0,0,2,0,0,0,0,0,5,1,0,0,0,0,0,0,8
39252,0,0,1,0,0,0,0,2,0,0,0,0,0,5,1,0,0,0,0,0,0,8
39274,0,0,1,0,0,0,0,2,0,0,0,0,0,5,1,0,0,0,0,0,0,8
39275,0,0,1,0,0,0,0,2,0,0,0,0,0,5,1,0,0,0,0,0,0,8
39278,0,0,1,0,0,0,0,2,0,0,0,0,0,5,1,0,0,0,0,0,0,8
39280,0,0,1,0,0,0,0,2,0,0,0,0,0,6,2,0,0,0,0,0,0,10
39281,0,0,1,0,0,0,0,2,0,0,0,0,0,5,1,0,0,0,0,0,0,8
39288,0,0,1,0,0,0,0,2,0,0,0,0,0,5,1,0,0,0,0,0,0,8
39291,0,0,1,0,0,0,0,2,0,0,0,0,0,5,1,0,0,0,0,0,0,8
39297,0,0,1,0,0,0,0,2,0,0,0,0,0,5,1,0,0,0,0,0,0,8
39298,0,0,1,0,0,0,0,2,0,0,0,0,0,9,5,0,0,0,0,0,0,16
39299,0,0,1,0,0,0,0,2,0,0,0,0,0,5,1,0,0,0,0,0,0,8
39311,0,0,1,0,0,0,0,2,0,0,0,0,0,5,1,0,0,0,0,0,0,8
39313,0,0,1,0,0,0,0,2,0,0,0,0,0,3,1,0,0,0,0,0,0,6
39324,0,0,1,0,0,0,0,3,1,0,0,0,0,5,1,0,0,0,0,0,0,10
39334,0,0,1,0,0,0,0,2,0,0,0,0,0,6,2,0,0,0,0,0,0,10
39340,0,0,1,0,0,0,0,2,0,0,0,0,0,3,0,2,1,0,0,0,0,8
39343,0,0,1,0,0,0,0,2,0,0,0,0,0,5,1,0,0,0,0,0,0,8
39344,0,0,1,0,0,0,0,2,0,0,0,0,0,5,1,0,0,0,0,0,0,8
39347,0,0,1,0,0,0,0,2,0,0,0,0,0,5,1,0,0,0,0,0,0,8
39350,0,0,1,0,0,0,0,3,1,0,0,0,0,5,1,0,0,0,0,0,0,10
39360,0,0,1,0,0,0,0,2,0,0,0,0,0,3,0,0,0,0,0,2,1,8
39361,0,0,1,0,0,0,0,2,0,0,0,0,0,6,2,0,0,0,0,0,0,10
39363,0,0,1,0,0,0,0,2,0,0,0,0,0,5,1,0,0,0,0,0,0,8
39373,0,0,1,0,0,0,0,2,0,0,0,0,0,5,1,0,0,0,0,0,0,8
39378,0,0,1,0,0,0,0,2,0,0,0,0,0,5,1,0,0,0,0,0,0,8
39391,0,0,1,0,0,0,0,2,0,0,0,0,0,5,1,0,0,0,0,0,0,8
39394,0,0,1,0,0,0,0,2,0,0,0,0,0,3,0,2,1,0,0,0,0,8
39398,0,0,1,0,0,0,0,2,0,0,0,0,0,5,1,0,0,0,0,0,0,8
39415,0,0,1,0,0,0,0,2,0,0,0,0,0,3,1,0,0,0,0,0,0,6
39421,0,0,1,0,0,0,0,3,1,0,0,0,0,3,0,0,0,0,0,0,0,7
39422,0,0,1,0,0,0,0,2,0,4,3,0,0,5,1,0,0,0,0,0,0,15
39423,0,0,1,0,0,0,0,4,1,0,0,0,0,5,1,0,0,0,0,0,0,11
39424,0,0,1,0,0,0,0,2,0,0,0,0,0,3,0,0,0,2,1,0,0,8
39425,0,0,1,0,0,0,0,3,1,0,0,0,0,3,0,0,0,0,0,0,0,7
39429,0,0,1,0,0,0,0,2,0,0,0,0,0,5,1,0,0,0,0,0,0,8
39446,0,0,1,0,0,0,0,2,0,0,0,0,0,5,1,0,0,0,0,0,0,8
39448,0,0,1,0,0,0,0,3,1,0,0,0,0,5,1,0,0,0,0,0,0,10
39455,0,0,1,0,0,0,0,2,0,0,0,0,0,5,2,0,0,0,0,0,0,9
39464,0,0,1,0,0,0,0,2,0,0,0,0,0,5,1,0,0,0,0,0,0,8
39467,0,0,1,0,0,0,0,2,0,0,0,0,0,5,1,0,0,0,0,0,0,8
39469,0,0,1,0,0,0,0,2,0,0,0,0,0,5,1,0,0,0,0,0,0,8
39473,0,0,1,0,0,0,0,4,1,0,0,0,0,3,0,0,0,0,0,0,0,8
39483,0,0,1,0,0,0,0,2,0,0,0,0,0,5,1,0,0,0,0,0,0,8
39484,0,0,1,0,0,0,0,2,0,0,0,0,0,5,1,0,0,0,0,0,0,8
39493,0,0,1,0,0,0,0,2,0,0,0,0,0,5,1,0,0,0,0,0,0,8
39497,0,0,1,0,0,0,0,2,0,0,0,0,0,5,1,0,0,0,0,0,0,8
39508,0,0,1,0,0,0,0,2,0,0,0,0,0,5,1,0,0,0,0,0,0,8
39511,0,0,1,0,0,0,0,2,0,0,0,0,0,5,1,0,0,0,0,0,0,8
39516,0,0,1,0,0,0,0,2,0,0,0,0,0,5,1,0,0,0,0,0,0,8
39521,0,0,1,0,0,0,0,3,1,0,0,0,0,5,1,0,0,0,0,0,0,10
39523,0,0,1,0,0,0,0,2,0,0,0,0,0,5,1,0,0,0,0,0,0,8
39539,0,0,1,0,0,0,0,2,0,0,0,0,0,5,1,0,0,0,0,0,0,8
39542,0,0,1,0,0,0,0,4,1,0,0,0,0,3,0,0,0,0,0,0,0,8
39543,0,0,1,0,0,0,0,2,0,0,0,0,0,5,1,0,0,0,0,0,0,8
39545,0,0,1,0,0,0,0,2,0,0,0,0,0,5,1,0,0,0,0,0,0,8
39553,0,0,1,0,0,0,0,2,0,0,0,0,0,5,1,0,0,0,0,0,0,8
39554,0,0,1,0,0,0,0,2,0,0,0,0,0,6,2,0,0,0,0,0,0,10
39555,0,0,1,0,0,0,0,2,0,0,0,0,0,5,1,0,0,0,0,0,0,8
39557,0,0,1,0,0,0,0,2,0,0,0,0,0,6,2,0,0,0,0,0,0,10
39573,0,0,1,0,0,0,0,2,0,0,0,0,0,5,1,0,0,0,0,0,0,8
39587,0,0,1,0,0,0,0,2,0,0,0,0,0,5,1,0,0,0,0,0,0,8
39597,0,0,1,0,0,0,0,2,0,0,0,0,0,5,1,0,0,0,0,0,0,8
39601,0,0,1,0,0,0,0,2,0,0,0,0,0,3,0,0,0,0,0,2,1,8
39612,0,0,1,0,0,0,0,2,0,0,0,0,0,5,1,0,0,0,0,0,0,8
39618,0,0,1,0,0,0,0,2,0,0,0,0,0,5,1,0,0,0,0,0,0,8
39623,0,0,1,0,0,0,0,2,0,0,0,0,0,5,1,0,0,0,0,0,0,8
39628,0,0,1,0,0,0,0,2,0,0,0,0,0,5,1,0,0,0,0,0,0,8
39630,0,0,1,0,0,0,0,2,0,1,1,0,0,5,1,0,0,0,0,0,0,10
39634,0,0,1,0,0,0,0,2,0,0,0,0,0,3,0,0,0,0,0,2,1,8
39640,0,0,1,0,0,0,0,2,0,0,0,0,0,5,1,0,0,0,0,0,0,8
39646,0,0,1,0,0,0,0,2,0,0,0,0,0,6,2,0,0,0,0,0,0,10
39655,0,0,1,0,0,0,0,2,0,0,0,0,0,5,1,0,0,0,0,0,0,8
39667,0,0,1,0,0,0,0,2,0,0,0,0,0,5,2,0,0,0,0,0,0,9
39668,0,0,1,0,0,0,0,2,0,0,0,0,0,5,1,0,0,0,0,0,0,8
39674,0,0,1,0,0,0,0,2,0,0,0,0,0,5,1,0,0,0,0,0,0,8
39678,0,0,1,0,0,0,0,2,0,0,0,0,0,5,1,0,0,0,0,0,0,8
39686,0,0,1,0,0,0,0,2,1,2,0,0,0,3,0,0,0,0,0,0,0,8
39694,0,0,1,0,0,0,0,2,0,0,0,0,0,5,1,0,0,0,0,0,0,8
39695,0,0,1,0,0,0,0,2,0,0,0,0,0,5,1,0,0,0,0,0,0,8
39703,0,0,1,0,0,0,0,2,0,0,0,0,0,5,1,0,0,0,0,0,0,8
39711,0,0,1,0,0,0,0,2,0,0,0,0,0,5,1,0,0,0,0,0,0,8
39715,0,0,1,0,0,0,0,2,0,0,0,0,0,5,1,0,0,0,0,0,0,8
39718,0,0,1,0,0,0,0,2,0,0,0,0,0,5,1,0,0,0,0,0,0,8
39719,0,0,1,0,0,0,0,2,0,0,0,0,0,5,1,0,0,0,0,0,0,8
39740,0,0,1,0,0,0,0,2,0,0,0,0,0,5,1,0,0,0,0,0,0,8
39742,0,0,1,0,0,0,0,2,0,0,0,0,0,6,8,0,0,0,0,0,0,16
39750,0,0,1,0,0,0,0,2,0,0,0,0,0,5,1,0,0,0,0,0,0,8
39761,0,0,1,0,0,0,0,2,0,0,0,0,0,5,1,0,0,0,0,0,0,8
39765,0,0,1,0,0,0,0,2,0,0,0,0,0,3,0,2,1,0,0,0,0,8
39770,0,0,1,0,0,0,0,2,0,0,0,0,0,5,1,0,0,0,0,0,0,8
39776,0,0,1,0,0,0,0,6,2,0,0,0,0,15,4,2,1,0,0,0,0,30
39794,0,0,0,1,0,0,0,0,0,1,0,0,0,0,0,3,1,0,0,0,0,5
39815,0,0,0,1,0,0,0,0,0,1,0,0,0,0,0,3,1,0,0,0,0,5
39834,0,0,0,1,0,0,0,0,0,1,0,0,0,0,0,3,1,0,0,0,0,5
39860,0,0,0,1,0,0,0,0,0,1,0,0,0,0,0,3,1,0,0,0,0,5
39866,0,0,0,1,0,0,0,0,0,1,0,0,0,0,0,3,1,0,0,0,0,5
39869,0,0,0,1,0,0,0,0,0,1,0,0,0,0,0,3,1,0,0,0,0,5
39878,0,0,0,1,0,0,0,0,0,1,0,0,0,0,0,3,1,0,0,0,0,5
39886,0,0,0,1,0,0,0,0,0,1,0,0,0,0,0,3,1,0,0,0,0,5
39895,0,0,0,1,0,0,0,0,0,1,0,0,0,0,0,3,2,0,0,0,0,6
39918,0,0,0,1,0,0,0,0,0,1,0,0,0,0,0,3,1,0,0,0,0,5
39922,0,0,0,1,0,0,0,0,0,1,0,0,0,0,0,1,5,0,0,0,0,7
39926,0,0,0,1,0,0,0,0,0,1,0,0,0,0,0,3,1,0,0,0,0,5
39946,0,0,0,1,0,0,0,0,0,1,0,0,0,0,0,4,2,0,0,0,0,7
39957,0,0,0,1,0,0,0,0,0,1,0,0,0,0,0,3,1,0,0,0,0,5
39968,0,0,0,1,0,0,0,0,0,1,0,0,0,0,0,3,1,0,0,0,0,5
39974,0,0,0,1,0,0,0,0,0,1,0,0,0,0,0,3,1,0,0,0,0,5
39980,0,0,0,1,0,0,0,0,0,1,0,0,0,0,0,4,4,0,0,0,0,9
39988,0,0,0,1,0,0,0,0,0,1,0,0,0,0,0,3,1,0,0,0,0,5
39994,0,0,0,1,0,0,0,0,0,1,0,0,0,0,0,3,1,0,0,0,0,5
39995,0,0,0,1,0,0,0,0,0,1,0,0,0,0,0,1,0,2,1,0,0,5
40001,0,0,0,1,0,0,0,0,0,1,1,0,0,0,0,3,1,0,0,0,0,6
40003,0,0,0,1,0,0,0,0,0,1,0,0,0,0,0,3,2,0,0,0,0,6
40008,0,0,0,1,0,0,0,0,0,1,0,0,0,0,0,3,1,0,0,0,0,5
40011,0,0,0,1,0,0,0,0,0,1,0,0,0,0,0,3,1,0,0,0,0,5
40027,0,0,0,1,0,0,0,0,0,3,1,0,0,0,0,1,0,0,0,0,0,5
40032,0,0,0,1,0,0,0,0,0,1,0,0,0,0,0,3,2,0,0,0,0,6
40043,0,0,0,1,0,0,0,0,0,1,0,0,0,0,0,3,1,0,0,0,0,5
40083,0,0,0,1,0,0,0,0,0,1,0,0,0,0,0,1,0,2,1,0,0,5
40091,0,0,0,1,0,0,0,0,0,1,0,0,0,0,0,3,1,0,0,0,0,5
40097,0,0,0,1,0,0,0,0,0,1,0,0,0,0,0,3,1,0,0,0,0,5
40109,0,0,0,1,0,0,0,0,0,1,0,0,0,0,0,3,1,0,0,0,0,5
40116,0,0,0,1,0,0,0,0,0,1,0,0,0,0,0,1,0,2,2,0,0,6
40120,0,0,0,1,0,0,0,0,0,1,0,0,0,0,0,3,1,0,0,0,0,5
40121,0,0,0,1,0,0,0,0,0,1,0,0,0,0,0,3,1,0,0,0,0,5
40123,0,0,0,1,0,0,0,0,0,1,0,0,0,0,0,1,0,2,1,0,0,5
40125,0,0,0,1,0,0,0,0,0,1,0,0,0,0,0,3,1,0,0,0,0,5
40128,0,0,0,1,0,0,0,0,0,1,0,0,0,0,0,3,2,0,0,0,0,6
40134,0,0,0,1,0,0,0,0,0,1,0,0,0,0,0,3,1,0,0,0,0,5
40138,0,0,0,1,0,0,0,0,0,1,0,0,0,0,0,3,1,0,0,0,0,5
40140,0,0,0,1,0,0,0,0,0,1,0,0,0,0,0,3,1,0,0,0,0,5
40144,0,0,0,1,0,0,0,0,0,1,0,0,0,0,0,3,1,0,0,0,0,5
40155,0,0,0,1,0,0,0,0,0,1,0,0,0,0,0,3,1,0,0,0,0,5
40168,0,0,0,1,0,0,0,0,0,1,0,0,0,0,0,3,1,0,0,0,0,5
40177,0,0,0,1,0,0,0,0,0,1,0,0,0,0,0,3,1,0,0,0,0,5
40184,0,0,0,1,0,0,0,0,0,2,2,0,0,0,0,1,0,0,0,0,0,5
40194,0,0,0,1,0,0,0,0,0,1,0,0,0,0,0,3,1,0,0,0,0,5
40201,0,0,0,1,0,0,0,0,0,1,0,0,0,0,0,3,1,0,0,0,0,5
40205,0,0,0,1,0,0,0,0,0,1,0,0,0,0,0,3,1,0,0,0,0,5
40217,0,0,0,1,0,0,0,0,0,1,0,0,0,0,0,3,1,0,0,0,0,5
40219,0,0,0,1,0,0,0,0,0,1,0,0,0,0,0,1,0,2,1,0,0,5
40227,0,0,0,1,0,0,0,0,0,1,0,0,0,0,0,1,0,0,0,2,1,5
40228,0,0,0,1,0,0,0,0,0,1,0,0,0,0,0,3,1,0,0,0,0,5
40230,0,0,0,1,0,0,0,0,0,1,0,0,0,0,0,3,1,0,0,0,0,5
40236,0,0,0,1,0,0,0,0,0,1,0,0,0,0,0,3,1,0,0,0,0,5
40247,0,0,0,1,0,0,0,0,0,1,0,0,0,0,0,4,2,0,0,0,0,7
40249,0,0,0,1,0,0,0,0,0,1,0,0,0,0,0,3,1,0,0,0,0,5
40253,0,0,0,1,0,0,0,0,0,1,0,0,0,0,0,3,1,0,0,0,0,5
40256,0,0,0,1,0,0,0,0,0,1,0,0,0,0,0,3,1,0,0,0,0,5
40265,0,0,0,1,0,0,0,0,0,1,0,0,0,0,0,3,1,0,0,0,0,5
40267,0,0,0,1,0,0,0,0,0,1,0,0,0,0,0,3,1,0,0,0,0,5
40273,0,0,0,1,0,0,0,0,0,1,0,0,0,0,0,3,1,0,0,0,0,5
40281,0,0,0,1,0,0,0,0,0,1,0,0,0,0,0,3,1,0,0,0,0,5
40299,0,0,0,1,0,0,0,0,0,1,0,0,0,0,0,3,1,0,0,0,0,5
40306,0,0,0,1,0,0,0,2,1,1,0,0,0,0,0,1,0,0,0,0,0,5
40332,0,0,0,1,0,0,0,0,0,1,0,0,0,0,0,3,1,0,0,0,0,5
40334,0,0,0,1,0,0,0,0,0,1,0,0,0,0,0,3,1,0,0,0,0,5
40338,0,0,0,1,0,0,0,0,0,1,0,0,0,0,0,3,1,0,0,0,0,5
40341,0,0,0,1,0,0,0,0,0,1,0,0,0,0,0,3,1,0,0,0,0,5
40357,0,0,0,1,0,0,0,0,0,3,1,0,0,0,0,1,0,0,0,0,0,5
40363,0,0,0,1,0,0,0,0,0,1,0,0,0,0,0,3,1,0,0,0,0,5
40364,0,0,0,1,0,0,0,0,0,3,1,0,0,0,0,1,0,0,0,0,0,5
40375,0,0,0,1,0,0,0,0,0,1,0,0,0,0,0,4,3,0,0,0,0,8
40381,0,0,0,1,0,0,0,0,0,1,0,0,0,0,0,3,1,0,0,0,0,5
40408,0,0,0,1,0,0,0,0,0,1,0,0,0,0,0,3,1,0,0,0,0,5
40414,0,0,0,1,0,0,0,0,0,1,0,0,0,0,0,3,1,0,0,0,0,5
40417,0,0,0,1,0,0,0,0,0,1,0,0,0,0,0,3,1,0,0,0,0,5
40421,0,0,0,1,0,0,0,0,0,1,0,0,0,0,0,3,1,0,0,0,0,5
40431,0,0,0,1,0,0,0,0,0,1,0,0,0,0,0,3,1,0,0,0,0,5
40434,0,0,0,1,0,0,0,0,0,1,0,0,0,0,0,3,1,0,0,0,0,5
40435,0,0,0,1,0,0,0,0,0,1,0,0,0,0,0,3,1,0,0,0,0,5
40436,0,0,0,1,0,0,0,0,0,1,0,0,0,0,0,3,1,0,0,0,0,5
40439,0,0,0,1,0,0,0,0,0,1,0,1,1,0,0,1,0,0,0,0,0,4
40440,0,0,0,1,0,0,0,0,0,1,0,0,0,0,0,3,1,0,0,0,0,5
40446,0,0,0,1,0,0,0,0,0,1,0,0,0,0,0,3,1,0,0,0,0,5
40454,0,0,0,1,0,0,0,0,0,1,0,0,0,0,0,3,1,0,0,0,0,5
40458,0,0,0,1,0,0,0,0,0,1,0,0,0,0,0,3,1,0,0,0,0,5
40460,0,0,0,1,0,0,0,0,0,1,0,0,0,0,0,3,1,0,0,0,0,5
40461,0,0,0,1,0,0,0,0,0,1,0,0,0,0,0,3,1,0,0,0,0,5
40476,0,0,0,1,0,0,0,0,0,1,0,0,0,0,0,3,1,0,0,0,0,5
40477,0,0,0,1,0,0,0,0,0,1,0,0,0,0,0,3,1,0,0,0,0,5
40478,0,0,0,1,0,0,0,0,0,1,0,0,0,0,0,4,2,0,0,0,0,7
40479,0,0,0,1,0,0,0,0,0,1,0,0,0,0,0,3,1,0,0,0,0,5
40484,0,0,0,1,0,0,0,0,0,1,0,0,0,0,0,3,1,0,0,0,0,5
40493,0,0,0,1,0,0,0,0,0,1,0,0,0,0,0,3,1,0,0,0,0,5
40498,0,0,0,1,0,0,0,0,0,1,0,0,0,0,0,3,1,0,0,0,0,5
40504,0,0,0,1,0,0,0,0,0,2,1,0,0,0,0,3,2,0,0,0,0,8
40513,0,0,0,1,0,0,0,0,0,1,0,0,0,0,0,3,1,0,0,0,0,5
40518,0,0,0,1,0,0,0,0,0,2,1,0,0,0,0,1,0,0,0,0,0,4
40530,0,0,0,1,0,0,0,0,0,1,0,0,0,0,0,3,1,0,0,0,0,5
40536,0,0,0,1,0,0,0,0,0,1,0,0,0,0,0,3,1,0,0,0,0,5
40548,0,0,0,1,0,0,0,0,0,1,0,0,0,0,0,3,1,0,0,0,0,5
40562,0,0,0,1,0,0,0,0,0,1,0,0,0,0,0,3,1,0,0,0,0,5
40572,0,0,0,1,0,0,0,0,1,2,0,0,0,0,0,1,0,0,0,0,0,4
40573,0,0,0,1,0,0,0,0,0,1,0,0,0,0,0,1,0,0,0,2,1,5
40576,0,0,0,1,0,0,0,0,0,1,0,0,0,0,0,3,1,0,0,0,0,5
40583,0,0,0,1,0,0,0,0,0,1,0,0,0,0,0,3,2,0,0,0,0,6
40586,0,0,0,1,0,0,0,0,0,1,0,0,0,0,0,3,1,0,0,0,0,5
40590,0,0,0,1,0,0,0,0,0,1,0,0,0,0,0,3,1,0,0,0,0,5
40594,0,0,0,1,0,0,0,0,0,1,0,0,0,0,0,3,1,0,0,0,0,5
40610,0,0,0,1,0,0,0,0,0,1,0,0,0,0,0,3,1,0,0,0,0,5
40618,0,0,0,1,0,0,0,0,0,1,0,0,0,0,0,3,1,0,0,0,0,5
40622,0,0,0,1,0,0,0,0,0,1,0,0,0,0,0,3,1,0,0,0,0,5
40627,0,0,0,1,0,0,0,0,0,1,0,0,0,0,0,3,1,0,0,0,0,5
40647,0,0,0,1,0,0,0,0,0,1,0,0,0,0,0,3,1,0,0,0,0,5
40655,0,0,0,1,0,0,0,0,0,1,0,0,0,0,0,3,1,0,0,0,0,5
40656,0,0,0,1,0,0,0,0,0,1,0,0,0,0,0,3,1,0,0,0,0,5
40659,0,0,0,1,0,0,0,0,0,1,0,0,0,0,0,3,1,0,0,0,0,5
40665,0,0,0,1,0,0,0,0,0,2,1,0,0,0,0,1,0,0,0,0,0,4
40676,0,0,0,1,0,0,0,0,0,1,0,0,0,0,0,3,1,0,0,0,0,5
40681,0,0,0,1,0,0,0,0,0,1,0,0,0,0,0,3,1,0,0,0,0,5
40685,0,0,0,1,0,0,0,0,0,1,0,0,0,0,0,3,1,0,0,0,0,5
40686,0,0,0,1,0,0,0,0,0,1,0,0,0,0,0,3,1,0,0,0,0,5
40691,0,0,0,1,0,0,0,0,0,1,0,0,0,0,0,3,1,0,0,0,0,5
40704,0,0,0,1,0,0,0,0,0,1,0,0,0,0,0,3,1,0,0,0,0,5
40705,0,0,0,1,0,0,0,0,0,1,0,0,0,0,0,3,1,0,0,0,0,5
40713,0,0,0,1,0,0,0,0,0,1,0,0,0,0,0,3,2,0,0,0,0,6
40714,0,0,0,1,0,0,0,0,0,2,1,0,0,0,0,3,1,0,0,0,0,7
40715,0,0,0,1,0,0,0,0,0,1,0,0,0,0,0,3,1,0,0,0,0,5
40720,0,0,0,1,0,0,0,2,1,1,0,0,0,0,0,1,0,0,0,0,0,5
40724,0,0,0,1,0,0,0,0,0,1,0,0,0,0,0,3,1,0,0,0,0,5
40741,0,0,0,0,1,0,0,0,0,0,0,1,0,0,0,0,0,3,2,0,0,6
40745,0,0,0,0,1,0,0,0,0,0,0,1,0,0,0,0,0,4,2,0,0,7
40778,0,0,0,0,1,0,0,0,0,0,1,1,0,0,0,0,0,1,2,0,0,5
40782,0,0,0,0,1,0,0,0,0,0,0,1,0,0,0,0,0,3,1,0,0,5
40785,0,0,0,0,1,0,0,0,0,0,0,1,0,0,0,0,0,3,1,0,0,5
40790,0,0,0,0,1,0,0,0,0,0,0,1,0,0,0,0,0,3,1,0,0,5
40803,0,0,0,0,1,0,0,0,0,0,0,1,0,0,0,0,0,3,2,0,0,6
40813,0,0,0,0,1,0,0,0,0,0,0,1,0,0,0,0,0,3,2,0,0,6
40818,0,0,0,0,1,0,0,0,0,0,0,1,0,0,0,0,0,3,1,0,0,5
40820,0,0,0,0,1,0,0,0,0,0,0,2,1,0,0,0,0,1,0,0,0,4
40830,0,0,0,0,1,0,0,0,0,0,0,1,0,0,0,0,0,3,1,0,0,5
40836,0,0,0,0,1,0,0,0,0,0,0,1,0,0,0,0,0,3,1,0,0,5
40841,0,0,0,0,1,0,0,0,0,0,0,1,0,0,0,0,0,3,1,0,0,5
40848,0,0,0,0,1,0,0,0,0,0,0,1,0,0,0,0,0,3,1,0,0,5
40850,0,0,0,0,1,0,0,0,0,0,0,1,0,0,0,0,0,3,1,0,0,5
40851,0,0,0,0,1,0,0,0,0,0,0,1,0,0,0,0,0,5,3,0,0,9
40852,0,0,0,0,1,0,0,0,0,0,0,1,0,0,0,0,0,3,1,0,0,5
40856,0,0,0,0,1,0,0,0,0,0,0,1,0,0,0,0,0,3,1,0,0,5
40863,0,0,0,0,1,0,0,0,0,0,0,1,0,0,0,0,0,3,1,0,0,5
40877,0,0,0,0,1,0,0,0,0,0,0,1,0,0,0,0,0,3,1,0,0,5
40884,0,0,0,0,1,0,0,0,1,0,0,2,1,0,0,0,0,1,0,0,0,5
40893,0,0,0,0,1,0,0,0,0,0,0,1,0,0,0,0,0,3,1,0,0,5
40898,0,0,0,0,1,0,0,0,0,0,0,2,1,0,0,0,0,1,0,0,0,4
40916,0,0,0,0,1,0,0,0,0,0,0,1,0,0,0,0,0,3,1,0,0,5
40928,0,0,0,0,1,0,0,0,0,0,0,1,0,0,0,0,0,3,1,0,0,5
40972,0,0,0,0,1,0,0,0,0,0,0,1,0,0,0,0,0,3,1,0,0,5
40975,0,0,0,0,1,0,0,0,0,0,0,1,0,0,0,0,0,3,1,0,0,5
40990,0,0,0,0,1,0,0,2,1,0,0,1,0,0,0,0,0,1,0,0,0,5
40991,0,0,0,0,1,0,0,0,0,0,0,2,1,0,0,0,0,3,1,0,0,7
41002,0,0,0,0,1,0,0,0,0,0,0,2,1,0,0,0,0,1,0,0,0,4
41017,0,0,0,0,1,0,0,0,0,0,0,1,0,0,0,0,0,3,1,0,0,5
41026,0,0,0,0,1,0,0,0,0,0,0,1,0,0,0,0,0,3,1,0,0,5
41056,0,0,0,0,1,0,0,0,0,0,0,1,0,0,0,0,0,3,1,0,0,5
41068,0,0,0,0,1,0,0,0,0,0,0,1,0,0,0,0,0,3,1,0,0,5
41070,0,0,0,0,1,0,0,0,0,0,0,1,0,0,0,0,0,3,1,0,0,5
41084,0,0,0,0,1,0,0,0,0,0,0,1,0,0,0,0,0,3,1,0,0,5
41086,0,0,0,0,1,0,0,0,0,0,0,1,0,0,0,0,0,3,1,0,0,5
41098,0,0,0,0,1,0,0,0,0,0,0,1,0,0,0,0,0,3,1,0,0,5
41100,0,0,0,0,1,0,0,0,0,0,0,1,0,0,0,0,0,3,3,0,0,7
41103,0,0,0,0,1,0,0,0,0,0,0,1,0,0,0,0,0,3,1,0,0,5
41111,0,0,0,0,1,0,0,0,0,0,0,1,0,1,1,0,0,1,0,0,0,4
41112,0,0,0,0,1,0,0,0,0,0,0,1,0,0,0,0,0,3,1,0,0,5
41117,0,0,0,0,1,0,0,0,0,0,0,1,0,0,0,0,0,3,1,0,0,5
41119,0,0,0,0,1,0,0,0,0,0,0,1,0,0,0,0,0,3,1,0,0,5
41137,0,0,0,0,1,0,0,0,0,0,0,1,0,0,0,0,0,3,1,0,0,5
41139,0,0,0,0,1,0,0,0,0,0,0,3,2,0,0,0,0,1,0,0,0,6
41142,0,0,0,0,1,0,0,0,0,0,0,1,0,0,0,0,0,3,1,0,0,5
41154,0,0,0,0,1,0,0,0,0,0,0,1,0,0,0,0,0,3,1,0,0,5
41164,0,0,0,0,1,0,0,0,0,0,0,1,0,0,0,0,0,3,1,0,0,5
41172,0,0,0,0,1,0,0,0,0,0,0,1,0,0,0,0,0,3,1,0,0,5
41197,0,0,0,0,1,0,0,0,0,0,0,2,1,0,0,0,0,3,1,0,0,7
41199,0,0,0,0,1,0,0,0,0,0,0,1,0,0,0,0,0,3,1,0,0,5
41200,0,0,0,0,1,0,0,0,0,0,0,1,0,0,0,0,0,3,1,0,0,5
41205,0,0,0,0,1,0,0,2,1,0,0,1,0,0,0,0,0,1,0,0,0,5
41250,0,0,0,0,1,0,0,0,0,0,0,1,0,0,0,0,0,3,1,0,0,5
41253,0,0,0,0,1,0,0,0,0,0,0,1,0,0,0,0,0,3,1,0,0,5
41263,0,0,0,0,1,0,0,0,0,0,0,1,0,0,0,0,0,3,1,0,0,5
41266,0,0,0,0,1,0,0,0,0,0,0,1,0,0,0,0,0,3,1,0,0,5
41271,0,0,0,0,1,0,0,0,0,0,0,1,0,0,0,0,0,3,1,0,0,5
41272,0,0,0,0,1,0,0,0,0,0,0,1,0,0,0,0,0,2,1,0,0,4
41273,0,0,0,0,1,0,0,0,0,0,0,2,1,0,0,0,0,3,3,0,0,9
41276,0,0,0,0,1,0,0,0,0,0,0,1,0,0,0,0,0,3,1,0,0,5
41286,0,0,0,0,1,0,0,0,0,0,0,1,0,0,0,0,0,3,1,0,0,5
41290,0,0,0,0,1,0,0,0,0,0,0,1,0,0,0,0,0,3,1,0,0,5
41299,0,0,0,0,1,0,0,0,0,0,0,1,0,2,2,0,0,1,0,0,0,6
41301,0,0,0,0,1,0,0,0,0,0,0,1,0,0,0,0,0,3,1,0,0,5
41329,0,0,0,0,1,0,0,0,0,0,0,1,0,0,0,0,0,3,1,0,0,5
41331,0,0,0,0,1,0,0,0,0,0,0,1,0,0,0,0,0,3,1,0,0,5
41339,0,0,0,0,1,0,0,0,0,0,0,1,0,0,0,0,0,3,1,0,0,5
41341,0,0,0,0,1,0,0,0,0,0,0,1,0,0,0,0,0,3,1,0,0,5
41344,0,0,0,0,1,0,0,0,0,0,0,1,0,0,0,0,0,3,1,0,0,5
41351,0,0,0,0,1,0,0,0,0,0,0,1,0,0,0,0,0,3,1,0,0,5
41352,0,0,0,0,1,0,0,0,0,0,0,2,1,0,0,0,0,3,1,0,0,7
41354,0,0,0,0,1,0,0,0,0,0,0,1,0,0,0,0,0,5,4,0,0,10
41355,0,0,0,0,1,0,0,0,0,0,0,1,0,0,0,0,0,3,1,0,0,5
41362,0,0,0,0,1,0,0,0,0,0,0,1,0,0,0,0,0,3,1,0,0,5
41365,0,0,0,0,1,0,0,0,0,0,0,1,0,0,0,0,0,3,1,0,0,5
41366,0,0,0,0,1,0,0,0,0,0,0,1,0,0,0,0,0,3,1,0,0,5
41373,0,0,0,0,1,0,0,0,0,0,0,1,0,0,0,0,0,3,1,0,0,5
41375,0,0,0,0,1,0,0,0,0,0,0,1,0,0,0,0,0,3,1,0,0,5
41393,0,0,0,0,1,0,0,0,0,0,0,1,0,0,0,0,0,3,1,0,0,5
41404,0,0,0,0,1,0,0,2,1,0,0,1,0,0,0,0,0,1,0,0,0,5
41405,0,0,0,0,1,0,0,0,0,0,0,1,0,0,0,0,0,3,1,0,0,5
41409,0,0,0,0,1,0,0,0,0,0,0,1,0,0,0,0,0,3,1,0,0,5
41410,0,0,0,0,1,0,0,0,0,0,0,1,0,0,0,0,0,1,0,2,1,5
41423,0,0,0,0,1,0,0,0,0,0,0,1,0,0,0,0,0,3,1,0,0,5
41425,0,0,0,0,1,0,0,0,0,0,0,1,0,0,0,0,0,3,1,0,0,5
41430,0,0,0,0,1,0,0,0,0,0,0,1,0,0,0,0,0,3,1,0,0,5
41436,0,0,0,0,1,0,0,0,0,0,0,1,0,0,0,0,0,3,1,0,0,5
41438,0,0,0,0,1,0,0,0,0,0,0,1,0,0,0,0,0,3,1,0,0,5
41446,0,0,0,0,1,0,0,2,1,0,0,1,0,0,0,0,0,1,0,0,0,5
41462,0,0,0,0,1,0,0,0,0,0,0,1,0,0,0,0,0,3,1,0,0,5
41465,0,0,0,0,1,0,0,0,0,0,0,2,1,0,0,0,0,3,1,0,0,7
41469,0,0,0,0,1,0,0,0,0,0,0,1,0,0,0,0,0,3,1,0,0,5
41471,0,0,0,0,1,0,0,0,0,0,0,1,0,0,0,0,0,3,1,0,0,5
41486,0,0,0,0,1,0,0,0,0,0,0,1,0,0,0,0,0,15,10,0,0,26
41491,0,0,0,0,1,0,0,0,0,0,0,1,0,0,0,0,0,3,1,0,0,5
41492,0,0,0,0,1,0,0,0,0,0,0,1,0,0,0,0,0,3,1,0,0,5
41504,0,0,0,0,1,0,0,0,0,0,0,1,0,0,0,0,0,5,4,0,0,10
41506,0,0,0,0,1,0,0,0,0,0,0,1,1,0,0,0,0,1,0,0,0,3
41514,0,0,0,0,1,0,0,0,0,0,0,1,0,0,0,0,0,3,1,0,0,5
41516,0,0,0,0,1,0,0,0,0,0,0,1,0,0,0,0,0,3,1,0,0,5
41518,0,0,0,0,1,0,0,0,0,0,0,1,0,0,0,0,0,3,1,0,0,5
41527,0,0,0,0,1,0,0,0,0,0,0,1,0,0,0,0,0,3,1,0,0,5
41532,0,0,0,0,1,0,0,0,0,0,0,1,0,0,0,0,0,3,1,0,0,5
41539,0,0,0,0,1,0,0,0,0,0,0,3,1,0,0,0,0,1,0,0,0,5
41549,0,0,0,0,1,0,0,0,0,0,0,1,0,0,0,0,0,3,1,0,0,5
41561,0,0,0,0,1,0,0,0,0,0,0,1,0,0,0,0,0,1,1,0,0,3
41565,0,0,0,0,1,0,0,0,0,0,0,1,0,0,0,0,0,3,2,0,0,6
41567,0,0,0,0,1,0,0,0,0,0,0,1,0,0,0,0,0,3,1,0,0,5
41570,0,0,0,0,1,0,0,2,1,0,0,1,0,0,0,0,0,1,0,0,0,5
41572,0,0,0,0,1,0,0,0,0,0,0,1,0,0,0,0,0,3,1,0,0,5
41579,0,0,0,0,1,0,0,0,0,0,0,1,0,0,0,0,0,3,1,0,0,5
41580,0,0,0,0,1,0,0,0,0,0,0,1,0,0,0,0,0,3,1,0,0,5
41633,0,0,0,0,0,1,0,0,0,0,0,0,0,1,0,0,0,0,0,3,1,5
41651,0,0,0,0,0,1,0,2,1,0,0,0,0,1,0,0,0,0,0,1,0,5
41663,0,0,0,0,0,1,0,0,0,0,0,0,0,1,0,0,0,0,0,3,1,5
41674,0,0,0,0,0,1,0,0,0,0,0,0,0,1,0,0,0,0,0,3,1,5
41675,0,0,0,0,0,1,0,0,0,0,0,0,0,1,0,0,0,0,0,3,1,5
41677,0,0,0,0,0,1,0,0,0,0,0,0,0,1,0,0,0,0,0,3,1,5
41680,0,0,0,0,0,1,0,0,0,0,0,0,0,1,0,0,0,0,0,3,1,5
41681,0,0,0,0,0,1,0,0,0,0,0,0,0,3,1,0,0,0,0,1,0,5
41688,0,0,0,0,0,1,0,0,0,0,0,0,0,1,0,0,0,0,0,3,1,5
41693,0,0,0,0,0,1,0,0,0,0,0,0,0,1,0,0,0,0,0,3,1,5
41704,0,0,0,0,0,1,0,0,0,0,0,0,0,1,0,0,0,0,0,3,2,6
41707,0,0,0,0,0,1,0,0,0,0,0,0,0,1,0,0,0,0,0,3,1,5
41712,0,0,0,0,0,1,0,0,0,0,0,2,1,1,0,0,0,0,0,1,0,5
41727,0,0,0,0,0,1,0,0,0,0,0,0,0,1,0,0,0,0,0,3,1,5
41734,0,0,0,0,0,1,0,0,0,0,0,0,0,1,0,0,0,0,0,3,1,5
41736,0,0,0,0,0,1,0,0,0,0,0,0,0,1,0,0,0,0,0,4,3,8
41771,0,0,0,0,0,1,0,0,0,0,0,0,0,1,0,0,0,0,0,3,1,5
41790,0,0,0,0,0,1,0,0,0,0,0,0,0,1,0,0,0,0,0,3,1,5
41793,0,0,0,0,0,1,0,0,0,0,0,0,0,1,0,0,0,0,0,3,1,5
41796,0,0,0,0,0,1,0,0,0,0,0,0,0,1,0,0,0,0,0,3,2,6
41806,0,0,0,0,0,1,0,2,1,0,0,0,0,1,0,0,0,0,0,1,0,5
41810,0,0,0,0,0,1,0,0,0,0,0,0,0,1,0,0,0,0,0,3,1,5
41811,0,0,0,0,0,1,0,0,0,0,0,0,0,3,1,0,0,0,0,1,0,5
41823,0,0,0,0,0,1,0,0,0,0,0,0,0,1,0,0,0,0,0,3,1,5
41825,0,0,0,0,0,1,0,0,0,0,0,0,0,1,0,0,0,0,0,3,1,5
41828,0,0,0,0,0,1,0,0,0,0,0,0,0,2,1,0,0,0,0,1,0,4
41844,0,0,0,0,0,1,0,0,0,0,0,0,0,1,0,0,0,0,0,3,1,5
41854,0,0,0,0,0,1,0,0,0,0,0,0,0,1,0,0,0,0,0,3,1,5
41873,0,0,0,0,0,1,0,0,0,0,0,0,0,1,0,0,0,0,0,3,1,5
41886,0,0,0,0,0,1,0,0,0,0,0,0,0,1,0,0,0,0,0,3,1,5
41888,0,0,0,0,0,1,0,0,0,0,0,0,0,1,0,0,0,0,0,3,1,5
41889,0,0,0,0,0,1,0,0,0,0,0,0,0,1,0,0,0,0,0,3,1,5
41891,0,0,0,0,0,1,0,0,0,0,0,0,0,1,0,0,0,0,0,3,1,5
41905,0,0,0,0,0,1,0,0,0,0,0,0,0,1,0,0,0,0,0,3,1,5
41907,0,0,0,0,0,1,0,0,0,0,0,0,0,1,0,0,0,0,0,3,2,6
41917,0,0,0,0,0,1,0,0,0,0,0,0,0,2,1,0,0,0,0,1,0,4
41927,0,0,0,0,0,1,0,0,0,0,0,0,0,1,0,0,0,0,0,3,1,5
41929,0,0,0,0,0,1,0,0,0,0,0,0,0,1,0,0,0,0,0,3,1,5
41948,0,0,0,0,0,1,0,0,0,0,0,0,0,1,0,0,0,0,0,3,1,5
41953,0,0,0,0,0,1,0,0,0,0,0,0,0,1,0,0,0,0,0,3,1,5
41958,0,0,0,0,0,1,0,0,0,0,0,0,0,1,0,0,0,0,0,3,1,5
41960,0,0,0,0,0,1,0,0,0,0,0,0,0,3,1,0,0,0,0,1,0,5
41962,0,0,0,0,0,1,0,0,0,0,0,0,0,1,0,0,0,0,0,3,1,5
41963,0,0,0,0,0,1,0,0,0,0,0,0,0,1,0,0,0,0,0,3,1,5
41965,0,0,0,0,0,1,0,0,0,0,0,0,0,1,0,0,0,0,0,3,2,6
41979,0,0,0,0,0,1,0,0,0,0,0,0,0,1,0,0,0,0,0,3,1,5
41981,0,0,0,0,0,1,0,0,0,0,0,0,0,1,0,0,0,0,0,3,1,5
41983,0,0,0,0,0,1,0,0,0,0,0,0,0,1,0,0,0,0,0,3,1,5
41997,0,0,0,0,0,1,0,0,0,0,0,0,0,3,2,0,0,0,0,3,2,10
41998,0,0,0,0,0,1,0,0,0,0,0,0,0,1,0,0,0,0,0,3,1,5
42004,0,0,0,0,0,1,0,0,0,0,0,0,0,1,0,0,0,0,0,3,3,7
42006,0,0,0,0,0,1,0,0,0,0,0,0,0,1,0,0,0,0,0,3,1,5
42010,0,0,0,0,0,1,0,0,0,0,0,0,0,1,0,0,0,0,0,3,1,5
42022,0,0,0,0,0,1,0,0,0,0,0,0,0,1,0,0,0,0,0,3,1,5
42026,0,0,0,0,0,1,0,0,0,0,0,0,0,1,0,0,0,0,0,3,1,5
42031,0,0,0,0,0,1,0,0,0,0,0,0,0,1,0,0,0,0,0,3,1,5
42032,0,0,0,0,0,1,0,0,0,0,0,0,0,1,0,0,0,0,0,3,1,5
42033,0,0,0,0,0,1,0,0,0,0,0,0,0,1,0,0,0,0,0,3,1,5
42037,0,0,0,0,0,1,0,0,0,0,0,0,0,1,0,0,0,0,0,3,1,5
42041,0,0,0,0,0,1,0,0,0,0,0,0,0,1,0,0,0,0,0,3,1,5
42042,0,0,0,0,0,1,0,0,0,0,0,0,0,1,0,0,0,0,0,3,1,5
42047,0,0,0,0,0,1,0,0,0,0,0,0,0,1,0,0,0,0,0,3,1,5
42063,0,0,0,0,0,1,0,0,0,0,0,0,0,1,0,0,0,0,0,3,1,5
42066,0,0,0,0,0,1,0,0,0,0,0,0,0,1,0,0,0,0,0,3,1,5
42072,0,0,0,0,0,1,0,0,0,0,0,0,0,1,0,0,0,0,0,3,1,5
42083,0,0,0,0,0,1,0,0,0,0,0,0,0,1,0,0,0,0,0,3,1,5
42089,0,0,0,0,0,1,0,0,0,0,0,0,0,2,1,0,0,0,0,1,0,4
42093,0,0,0,0,0,1,0,1,0,7,6,0,0,1,0,0,0,0,0,4,4,23
42097,0,0,0,0,0,1,0,0,0,0,0,0,0,1,0,0,0,0,0,3,1,5
42102,0,0,0,0,0,1,0,0,0,0,0,0,0,1,0,0,0,0,0,3,2,6
42113,0,0,0,0,0,1,0,0,0,0,0,0,0,1,0,0,0,0,0,3,1,5
42115,0,0,0,0,0,1,0,0,0,0,0,0,0,1,0,0,0,0,0,3,1,5
42137,0,0,0,0,0,1,0,1,0,0,0,0,0,1,0,0,0,0,0,3,2,7
42138,0,0,0,0,0,1,0,0,0,0,0,0,0,1,0,0,0,0,0,3,1,5
42141,0,0,0,0,0,1,0,0,0,0,0,0,0,2,1,0,0,0,0,3,1,7
42161,0,0,0,0,0,1,0,2,1,0,0,0,0,1,0,0,0,0,0,1,0,5
42163,0,0,0,0,0,1,0,0,0,0,0,0,0,1,0,0,0,0,0,3,1,5
42165,0,0,0,0,0,1,0,0,0,0,0,0,0,1,0,0,0,0,0,3,1,5
42170,0,0,0,0,0,1,0,0,0,0,0,0,0,1,0,0,0,0,0,3,1,5
42172,0,0,0,0,0,1,0,0,0,0,0,0,0,1,0,0,0,0,0,2,1,4
42185,0,0,0,0,0,1,0,0,0,0,0,0,0,1,0,0,0,0,0,3,1,5
42196,0,0,0,0,0,1,0,0,0,0,0,0,0,1,0,0,0,0,0,3,1,5
42213,0,0,0,0,0,1,0,0,0,0,0,0,0,1,0,0,0,0,0,3,1,5
42235,0,0,0,0,0,1,0,0,0,0,0,0,0,1,0,0,0,0,0,3,2,6
42244,0,0,0,0,0,1,0,0,0,0,0,0,0,1,0,0,0,0,0,3,1,5
42266,0,0,0,0,0,1,0,0,0,0,0,0,0,2,1,0,0,0,0,1,0,4
42277,0,0,0,0,0,1,0,0,0,0,0,0,0,1,0,0,0,0,0,3,1,5
42281,0,0,0,0,0,1,0,0,0,0,0,0,0,1,1,0,0,0,0,1,0,3
42292,0,0,0,0,0,1,0,0,0,0,0,0,0,1,0,0,0,0,0,3,1,5
42296,0,0,0,0,0,1,0,0,0,0,0,0,0,1,0,0,0,0,0,3,1,5
42305,0,0,0,0,0,1,0,0,0,0,0,0,0,1,0,0,0,0,0,3,1,5
42311,0,0,0,0,0,1,0,0,0,0,0,0,0,2,1,0,0,0,0,1,0,4
42318,0,0,0,0,0,1,0,0,0,0,0,0,0,1,0,0,0,0,0,3,2,6
42324,0,0,0,0,0,1,0,0,0,0,0,0,0,3,1,0,0,0,0,1,0,5
42327,0,0,0,0,0,1,0,0,0,0,0,0,0,3,1,0,0,0,0,1,0,5
42353,0,0,0,0,0,1,0,0,0,0,0,0,0,1,0,0,0,0,0,3,1,5
42366,0,0,0,0,0,1,0,0,0,0,0,0,0,1,0,0,0,0,0,3,1,5
42370,0,0,0,0,0,1,0,0,0,0,0,0,0,3,2,0,0,0,0,1,0,6
42376,0,0,0,0,0,1,0,0,0,0,0,0,0,3,2,0,0,0,0,3,1,9
42378,0,0,0,0,0,1,0,0,0,0,0,0,0,1,0,0,0,0,0,3,1,5
42382,0,0,0,0,0,1,0,0,0,0,0,0,0,1,0,0,0,0,0,3,1,5
42388,0,0,0,0,0,1,0,0,0,0,0,0,0,2,1,0,0,0,0,1,0,4
42394,0,0,0,0,0,1,0,0,0,0,0,0,0,1,0,0,0,0,0,3,1,5
42418,0,0,0,0,0,1,0,0,0,0,0,0,0,1,0,0,0,0,0,3,1,5
42433,0,0,0,0,0,1,0,0,0,0,0,0,0,1,0,0,0,0,0,3,1,5
42437,0,0,0,0,0,1,0,0,0,0,0,0,0,2,1,0,0,0,0,1,0,4
42444,0,0,0,0,0,1,0,0,0,0,0,0,0,1,0,0,0,0,0,3,1,5
42459,0,0,0,0,0,1,0,0,0,0,0,0,0,1,0,0,0,0,0,3,1,5
42468,0,0,0,0,0,1,0,0,0,0,0,0,0,1,0,0,0,0,0,3,1,5
42475,0,0,0,0,0,1,0,1,0,0,0,0,0,1,0,0,0,0,0,3,3,8
42484,0,0,0,0,0,1,0,0,0,0,0,0,0,1,0,0,0,0,0,3,1,5
42486,0,0,0,0,0,1,0,0,0,0,0,0,0,1,0,0,0,0,0,3,1,5
42490,0,0,0,0,0,1,0,0,0,0,0,0,0,1,0,0,0,0,0,3,1,5
42497,0,0,0,0,0,1,0,0,0,0,0,0,0,1,0,0,0,0,0,3,2,6
42504,0,0,1,0,0,0,0,6,2,0,0,0,0,15,4,2,1,0,0,0,0,30
42507,0,0,1,0,0,0,0,6,2,0,0,0,0,15,4,2,1,0,0,0,0,30
42510,0,0,1,0,0,0,0,6,2,0,0,0,0,15,4,2,1,0,0,0,0,30
42849,0,0,1,0,0,0,0,6,2,0,0,0,0,15,4,2,1,0,0,0,0,30
42936,0,0,1,0,0,0,0,6,2,0,0,0,0,15,4,2,1,0,0,0,0,30
