18886,0,0,1,0,7,2,0,0,0,0,0,0,4,1,15
19709,2,1,3,0,3,0,0,0,0,0,3,0,2,0,14
28491,1,0,4,0,5,1,0,0,1,0,3,0,4,2,21
29543,3,1,0,0,0,0,6,3,0,0,1,2,0,0,16
29761,5,3,4,0,0,0,5,1,1,0,3,0,0,0,22
30318,3,1,3,0,0,0,5,0,0,0,6,2,0,0,20
31233,0,0,7,1,0,0,2,0,3,0,3,0,0,0,16
31334,0,0,6,1,0,0,2,0,5,2,3,0,0,0,19
31393,0,0,6,1,1,0,3,0,4,1,3,0,0,0,19
31466,0,0,6,1,1,0,2,0,5,1,3,0,0,0,19
31554,0,0,7,1,0,0,2,0,4,1,3,0,0,0,18
31581,1,0,6,3,0,0,3,0,2,0,3,0,0,0,18
31793,0,0,9,4,0,0,2,0,4,1,3,0,0,0,23
32014,0,0,7,1,1,0,2,0,3,0,3,0,0,0,17
32124,1,0,6,1,0,0,3,0,2,0,3,0,0,0,16
32158,1,0,6,2,1,0,2,0,5,1,3,0,0,1,22
32302,0,0,6,1,1,0,2,0,5,1,3,1,0,0,20
32409,1,0,6,1,1,0,3,0,2,0,3,0,0,0,17
32418,0,0,6,1,1,0,3,0,4,1,3,0,0,0,19
32777,0,0,6,4,0,0,3,0,4,1,3,0,0,0,21
34044,0,0,5,3,0,0,0,0,5,1,2,0,0,0,16
34096,1,0,5,1,1,1,0,0,6,1,2,0,0,0,18
34224,0,0,6,1,0,0,0,0,3,0,2,0,0,0,12
34616,0,0,6,1,0,0,0,0,3,0,2,0,0,0,12
34646,0,0,6,1,0,0,0,0,3,0,2,0,0,0,12
34810,0,0,6,1,0,0,0,0,3,0,2,0,0,0,12
37681,0,0,1,0,1,0,3,1,0,0,1,0,4,1,12
