18746,0,1,0,0,0,0,0,2,0,1,0,1,0,0,0,0,0,1,0,0,1,6
18776,0,1,0,0,0,0,0,2,1,0,0,4,0,0,0,0,0,0,0,3,0,10
18791,0,1,0,0,0,0,0,2,1,0,0,4,0,0,0,0,0,0,0,3,0,10
18852,0,1,0,0,0,0,0,1,0,1,0,2,0,0,0,0,2,1,0,2,0,9
18860,0,1,0,0,0,0,0,2,1,1,0,3,0,0,0,0,0,1,0,2,0,10
18869,0,1,0,0,0,0,0,1,0,2,1,2,0,0,0,0,0,1,0,2,0,9
18870,0,1,0,0,0,0,0,2,1,0,0,3,0,0,0,0,0,0,0,3,0,9
18886,1,0,0,0,0,0,0,0,0,1,0,7,2,0,0,0,0,0,0,4,1,15
18920,0,1,0,0,0,0,0,2,1,0,0,4,0,0,0,0,0,0,0,3,0,10
19311,0,1,0,0,0,0,0,1,0,1,1,4,0,0,0,1,1,0,0,3,0,12
19354,0,1,0,0,0,0,0,2,1,1,0,2,0,0,0,0,0,1,0,2,0,9
19413,0,1,0,0,0,0,0,2,1,0,0,3,0,0,0,0,0,0,0,3,0,9
19510,0,1,0,0,0,0,0,1,0,0,0,5,1,0,0,0,0,0,0,3,0,10
19570,0,1,0,0,0,0,0,2,1,1,0,2,0,0,0,0,0,1,0,2,0,9
19571,0,0,0,0,0,0,0,0,0,0,0,4,0,2,1,0,0,1,1,3,0,12
19591,0,1,0,0,0,0,0,1,0,1,1,4,0,0,0,0,0,0,0,3,0,10
19619,0,1,0,0,0,0,0,2,3,1,0,2,0,0,0,0,0,1,0,2,0,11
19677,0,1,0,0,0,0,0,2,1,1,0,3,0,0,0,0,0,1,0,2,0,10
19689,0,1,0,0,0,0,0,2,1,1,0,0,0,0,0,0,0,3,2,0,0,9
19717,0,1,0,0,0,0,0,2,1,1,0,3,0,0,0,0,0,1,0,2,0,10
19802,0,1,0,0,0,0,0,2,1,0,0,3,0,0,0,0,0,0,0,3,0,9
19879,0,1,0,0,0,0,0,3,2,0,0,3,0,0,0,0,0,0,0,3,0,11
19940,0,1,0,0,0,0,0,2,1,1,0,2,0,0,0,0,0,1,0,2,0,9
27140,0,0,0,0,1,0,0,0,0,0,0,3,0,1,0,0,0,5,1,0,0,10
27221,0,0,0,0,1,0,0,0,0,1,1,3,0,1,0,0,0,4,0,0,0,10
27235,0,0,0,0,1,0,0,0,0,0,1,4,0,2,1,0,0,3,0,0,0,11
27236,0,0,0,0,1,0,0,0,0,0,0,3,0,1,0,0,0,4,1,0,0,9
27238,0,0,0,0,1,0,0,0,0,0,0,3,0,2,1,0,0,3,0,0,0,9
27256,0,0,0,0,1,0,0,0,0,0,0,4,0,2,1,0,0,3,0,0,0,10
27330,0,0,0,0,1,0,0,0,0,2,1,6,0,2,0,0,0,4,0,0,0,15
27351,0,0,0,0,1,0,0,1,1,0,0,3,0,1,0,0,0,4,0,0,0,10
27416,0,0,0,0,1,0,0,0,0,0,0,4,0,2,1,0,0,3,0,0,0,10
27428,0,0,0,0,1,0,0,0,0,0,0,4,0,2,1,0,0,3,0,0,0,10
27437,0,0,0,0,1,0,0,0,1,1,0,3,0,1,0,0,0,4,0,0,0,10
27444,0,0,0,0,1,0,0,0,0,1,1,4,0,2,1,0,0,3,0,0,0,12
27448,0,0,0,0,1,0,0,0,0,0,0,3,0,1,0,1,1,3,0,0,0,9
27574,0,0,0,0,1,0,0,0,0,0,0,3,0,2,1,0,0,3,0,0,0,9
27620,0,0,0,0,1,0,0,0,0,0,0,4,1,1,0,0,0,4,0,0,0,10
27735,0,0,0,0,1,0,0,0,0,0,0,3,0,2,1,0,0,3,0,0,0,9
27767,0,0,0,0,1,0,0,0,0,0,0,4,0,2,3,0,0,3,0,0,0,12
27851,0,0,0,0,1,0,0,0,0,0,0,4,0,2,1,0,0,3,0,0,0,10
27852,0,0,0,0,1,0,0,0,0,0,0,3,0,2,1,0,0,3,0,0,0,9
27889,0,0,0,0,1,0,0,0,0,0,0,4,0,2,1,0,0,3,0,0,0,10
27898,0,0,0,0,1,0,0,0,0,0,0,3,0,2,1,0,0,3,0,0,0,9
27914,0,0,0,0,1,0,0,0,0,0,0,4,0,1,0,0,0,5,1,0,0,11
27915,0,0,0,0,1,0,0,0,0,2,1,4,0,1,0,0,0,4,0,0,0,12
27948,0,0,0,0,1,0,0,0,0,0,0,3,0,3,2,0,0,3,0,0,0,11
28029,0,0,0,0,1,0,0,0,0,0,0,4,0,2,1,0,0,3,0,0,0,10
28507,0,1,0,0,0,0,0,2,1,0,0,4,0,0,0,0,0,0,0,3,0,10
28558,0,1,0,0,0,0,0,2,1,0,0,3,0,0,0,0,0,0,0,3,0,9
28664,0,1,0,0,0,0,0,2,1,1,0,3,0,0,0,0,0,1,0,2,0,10
28763,0,1,0,0,0,0,0,1,0,0,0,3,0,0,0,1,2,0,0,3,0,10
28844,0,1,0,0,0,0,0,2,1,0,0,3,0,0,0,0,0,0,0,3,0,9
28892,0,1,0,0,0,0,0,1,0,1,3,4,0,0,0,0,0,0,0,3,0,12
28950,0,1,0,0,0,0,0,2,1,0,0,3,0,0,0,0,0,0,0,3,0,9
29174,0,1,0,0,0,0,0,2,1,1,0,3,0,0,0,0,0,1,0,2,0,10
29256,0,1,0,0,0,0,0,2,1,0,0,4,0,0,0,0,0,0,0,3,0,10
29271,0,1,0,0,0,0,0,2,1,1,0,3,0,0,0,0,0,1,0,2,0,10
29319,0,1,0,0,0,0,0,2,1,1,0,2,0,0,0,0,0,1,0,2,0,9
29451,0,0,1,0,0,0,0,2,0,2,1,2,0,2,0,0,0,0,0,1,0,10
29491,0,0,1,0,0,0,0,3,0,3,2,0,0,3,0,0,0,0,0,0,0,11
29495,0,0,1,0,0,0,0,3,0,2,2,1,0,3,0,0,0,0,0,0,0,11
29539,0,0,1,0,0,0,0,3,0,2,1,1,0,3,0,0,0,0,0,0,0,10
29557,0,0,1,0,0,0,0,3,0,2,1,1,0,3,0,0,0,0,0,0,0,10
29566,0,0,1,0,0,0,0,2,0,1,0,3,2,2,0,0,0,0,0,1,0,11
29570,0,0,0,0,0,0,0,2,0,0,0,1,0,6,2,0,0,0,0,0,0,11
29593,0,0,1,0,0,0,0,3,0,2,1,1,0,3,0,0,0,0,0,0,0,10
29657,0,0,1,0,0,0,0,3,1,2,1,1,0,3,0,0,0,0,0,0,0,11
29691,0,0,1,0,0,0,0,3,0,2,1,1,0,3,0,0,0,0,0,0,0,10
29704,0,0,1,0,0,0,0,3,0,2,1,1,0,3,0,0,0,0,0,0,0,10
29747,0,0,1,0,0,0,0,3,0,2,1,1,0,3,0,0,0,0,0,0,0,10
29757,0,0,1,0,0,0,0,3,0,2,1,0,0,3,0,0,0,0,0,0,0,9
29784,0,0,1,0,0,0,0,2,0,2,0,1,0,2,0,0,0,0,0,2,2,11
29805,0,0,1,0,0,0,0,3,0,2,1,1,0,3,0,0,0,0,0,0,0,10
29865,0,0,1,0,0,0,0,3,0,2,1,1,0,3,0,0,0,0,0,0,0,10
29899,0,0,1,0,0,0,0,3,0,2,1,1,0,3,0,0,0,0,0,0,0,10
29900,0,0,1,0,0,0,0,3,0,2,1,0,0,3,0,0,0,0,0,0,0,9
29948,0,0,1,0,0,0,0,3,0,5,10,1,0,3,0,0,0,0,0,0,0,22
29966,0,0,1,0,0,0,0,3,0,2,4,1,0,3,0,0,0,0,0,0,0,13
29993,0,0,1,0,0,0,0,2,0,1,0,2,1,2,0,0,0,0,0,1,0,9
30010,0,0,1,0,0,0,0,2,0,3,2,2,0,2,0,0,0,0,0,1,0,12
30052,0,0,1,0,0,0,0,3,0,2,1,1,0,3,0,0,0,0,0,0,0,10
30084,0,0,1,0,0,0,0,2,0,1,0,1,1,2,0,0,0,0,0,1,0,8
30099,0,0,1,0,0,0,0,3,0,4,2,1,0,3,0,0,0,0,0,0,0,13
30111,0,0,1,0,0,0,0,2,0,2,1,1,0,2,0,0,0,0,0,1,0,9
30217,0,0,1,0,0,0,0,3,0,1,0,0,0,4,1,0,0,0,0,0,0,9
30277,0,0,1,0,0,0,0,3,0,2,1,1,0,3,0,0,0,0,0,0,0,10
30384,0,0,1,0,0,0,0,3,0,2,1,1,0,3,0,0,0,0,0,0,0,10
30448,0,0,1,0,0,0,0,4,1,1,0,0,0,3,0,0,0,0,0,0,0,9
30458,0,0,1,0,0,0,0,3,0,2,1,1,0,3,0,0,0,0,0,0,0,10
30476,0,0,1,0,0,0,0,3,0,1,0,0,0,3,0,0,0,0,0,1,1,9
30481,0,0,1,0,0,0,0,2,0,1,0,2,1,2,0,0,0,0,0,1,0,9
30485,0,0,1,0,0,0,0,3,0,2,3,0,0,3,0,0,0,0,0,0,0,11
30492,0,0,1,0,0,0,0,3,0,2,1,0,0,3,0,0,0,0,0,0,0,9
30499,0,0,1,0,0,0,0,3,0,1,0,1,1,3,0,0,0,0,0,0,0,9
30538,0,0,1,0,0,0,0,3,0,1,0,0,0,3,2,0,0,0,0,0,0,9
30542,0,0,1,0,0,0,0,3,0,2,1,1,0,3,0,0,0,0,0,0,0,10
30603,0,0,1,0,0,0,0,3,0,3,1,0,0,3,0,0,0,0,0,0,0,10
30611,0,0,1,0,0,0,0,2,0,3,2,2,0,2,0,0,0,0,0,1,0,12
30666,0,0,1,0,0,0,0,3,0,2,1,0,0,3,0,0,0,0,0,0,0,9
30671,0,0,1,0,0,0,0,3,0,1,0,0,0,3,0,1,1,0,0,0,0,9
30712,0,0,1,0,0,0,0,3,0,2,2,1,0,3,0,0,0,0,0,0,0,11
30819,0,0,1,0,0,0,0,2,0,2,1,1,0,2,0,0,0,0,0,1,0,9
30921,0,0,1,0,0,0,0,3,0,1,0,0,0,3,0,1,1,0,0,0,0,9
30941,0,0,1,0,0,0,0,3,0,2,1,1,0,3,0,0,0,0,0,0,0,10
30955,0,0,1,0,0,0,0,3,0,4,3,1,0,3,0,0,0,0,0,0,0,14
31003,0,0,1,0,0,0,0,3,0,1,0,0,0,3,0,1,1,0,0,0,0,9
31059,0,0,1,0,0,0,0,3,0,2,1,1,0,3,0,0,0,0,0,0,0,10
31075,0,0,1,0,0,0,0,3,0,2,1,0,0,3,0,0,0,0,0,1,1,11
31254,0,0,0,1,0,0,0,3,1,2,0,0,0,1,0,2,0,0,0,0,0,9
31260,0,0,0,1,0,0,0,0,0,3,0,0,0,0,0,5,1,0,0,0,0,9
31294,0,0,0,1,0,0,0,0,0,3,0,0,0,0,0,5,1,0,0,0,0,9
31326,0,1,0,0,0,0,0,0,0,2,0,0,0,2,1,5,2,0,0,0,0,12
31389,0,1,0,0,0,0,0,2,1,2,0,0,0,0,0,7,2,0,0,0,0,14
31514,0,0,0,0,0,0,0,0,0,3,1,0,0,0,0,6,2,0,0,0,0,12
31566,0,0,0,1,0,0,0,1,0,2,0,0,0,1,0,4,1,0,0,0,0,9
32017,0,0,0,1,0,0,0,0,0,3,0,0,0,0,0,5,1,0,0,0,0,9
32152,0,0,0,0,0,0,0,0,0,3,0,0,0,0,0,6,2,0,0,0,0,11
32355,0,0,0,0,0,0,0,0,0,2,0,0,0,1,0,6,3,0,0,0,0,12
32611,0,0,0,1,0,0,0,2,0,3,0,0,0,1,0,4,1,0,0,0,0,11
32728,0,0,0,1,0,0,0,0,0,3,0,0,0,0,0,5,1,0,0,0,0,9
32790,0,0,0,1,0,0,0,0,0,3,0,0,0,0,0,5,1,0,0,0,0,9
32879,0,0,0,1,0,0,0,2,0,3,0,0,0,1,0,4,1,0,0,0,0,11
33948,0,0,0,1,0,0,0,1,0,2,0,2,1,1,0,2,0,0,0,0,0,9
33966,0,0,0,1,0,0,0,0,0,3,0,2,1,0,0,3,0,0,0,0,0,9
33980,0,0,0,1,0,0,0,0,0,3,0,2,1,0,0,3,0,0,0,0,0,9
33988,0,0,0,1,0,0,0,0,0,3,0,2,1,0,0,3,0,0,0,0,0,9
34013,0,0,0,1,0,0,0,1,0,2,0,2,1,1,0,2,0,0,0,0,0,9
34021,0,0,0,1,0,0,0,1,0,2,0,2,1,1,0,2,0,0,0,0,0,9
34023,0,0,0,1,0,0,0,1,0,2,0,2,2,1,0,2,0,0,0,0,0,10
34051,0,0,0,1,0,0,0,0,0,3,0,2,1,0,0,3,0,0,0,0,0,9
34109,0,0,0,1,0,0,0,0,0,3,1,3,0,0,0,3,0,0,0,0,0,10
34116,0,0,0,1,0,0,0,0,0,3,0,2,1,0,0,3,0,0,0,0,0,9
34129,0,0,0,1,0,0,0,1,0,2,0,2,0,1,0,3,6,0,0,0,0,15
34139,0,0,0,1,0,0,0,0,0,3,0,2,1,0,0,4,0,0,0,0,0,10
34146,0,0,0,1,0,0,0,0,0,3,0,1,0,0,0,4,1,0,0,0,0,9
34178,0,0,0,0,0,1,0,0,0,2,0,0,0,0,0,7,2,0,0,0,0,11
34187,0,0,0,1,0,0,0,0,1,4,0,1,0,0,0,4,0,0,0,0,0,10
34212,0,0,0,1,0,0,0,0,0,4,0,1,0,0,0,4,0,0,0,1,1,11
34252,0,0,0,1,0,0,0,0,0,3,0,2,1,0,0,3,0,0,0,0,0,9
34282,0,0,0,1,0,0,0,0,0,3,0,2,1,0,0,3,0,0,0,0,0,9
34364,0,0,0,1,0,0,0,0,0,3,0,2,1,0,0,3,0,0,0,0,0,9
34395,0,0,0,1,0,0,0,0,0,3,0,3,1,0,0,3,1,0,0,0,0,11
34404,0,0,0,1,0,0,0,0,0,3,0,2,1,0,0,3,0,0,0,0,0,9
34411,0,0,0,1,0,0,0,0,0,3,0,1,0,2,2,3,0,0,0,0,0,11
34511,0,0,0,1,0,0,0,0,0,3,0,2,1,0,0,3,0,0,0,0,0,9
34520,0,0,0,1,0,0,0,1,0,2,0,2,1,1,0,2,0,0,0,0,0,9
34532,0,0,0,1,0,0,0,1,0,2,0,1,0,1,0,4,1,0,0,0,0,10
34535,0,0,0,1,0,0,0,0,0,3,0,2,1,0,0,3,0,0,0,0,0,9
34581,0,0,0,1,0,0,0,0,0,3,0,1,0,0,0,5,1,0,0,0,0,10
34588,0,0,0,1,0,0,0,0,0,3,0,2,1,0,0,3,0,0,0,0,0,9
34609,0,0,0,1,0,0,0,1,0,3,0,1,0,0,0,4,0,0,0,0,1,10
34638,0,0,0,0,1,0,0,0,0,2,0,1,1,0,0,7,2,0,0,0,0,13
34639,0,0,0,1,0,0,0,0,0,3,0,2,1,0,0,3,0,0,0,0,0,9
34692,0,0,0,1,0,0,0,1,0,2,0,4,2,1,0,2,0,0,0,0,0,12
34694,0,0,0,1,0,0,0,0,0,4,0,1,0,0,0,5,1,0,0,0,0,11
34767,0,0,0,1,0,0,0,0,0,3,1,2,0,0,0,3,1,0,0,0,0,10
34774,0,0,0,1,0,0,0,1,0,2,0,1,0,1,0,4,1,0,0,0,0,10
34827,0,0,0,1,0,0,0,1,0,2,0,2,1,1,0,2,0,0,0,0,0,9
34842,0,0,0,1,0,0,0,1,0,2,0,1,0,2,1,2,0,0,0,0,0,9
34872,0,0,0,1,0,0,0,1,0,2,0,1,0,1,0,4,1,0,0,0,0,10
34955,0,0,0,0,1,0,0,0,0,0,0,2,0,1,0,0,0,5,1,0,0,9
34999,0,0,0,0,1,0,0,0,0,0,0,3,1,1,0,0,0,4,0,0,0,9
35039,0,0,0,0,1,0,0,0,1,1,0,2,0,1,0,0,0,4,0,0,0,9
35041,0,0,0,0,0,1,0,0,0,0,0,2,0,0,0,0,0,7,2,0,0,11
35048,0,0,0,0,1,0,0,0,0,0,0,2,0,4,6,0,0,3,0,0,0,15
35057,0,0,0,0,1,0,0,0,0,0,0,2,0,2,2,1,0,3,0,0,0,10
35070,0,0,0,0,1,0,0,0,0,0,0,2,0,2,1,0,0,4,0,0,0,9
35087,0,0,0,0,1,0,0,0,0,0,0,2,0,1,0,1,1,3,0,0,0,8
35209,0,0,0,0,1,0,0,0,0,0,0,1,0,2,1,1,0,2,0,0,0,7
35211,0,0,0,0,1,0,0,0,0,0,0,2,0,2,1,0,0,3,0,0,0,8
35225,0,0,0,0,1,0,0,0,0,0,0,2,0,2,1,0,0,3,0,0,0,8
35323,0,0,0,0,1,0,0,0,0,0,0,2,0,2,1,0,0,3,0,0,0,8
35339,0,0,0,0,1,0,0,0,0,0,0,2,0,2,1,0,0,6,2,0,0,13
35346,0,0,0,0,1,0,0,0,0,0,0,2,0,2,1,0,0,3,0,0,0,8
35347,0,0,0,0,0,0,1,0,0,0,0,3,0,0,0,0,0,5,1,1,1,11
35362,0,0,0,0,1,0,0,0,0,1,10,3,0,0,0,0,0,3,0,0,0,17
35369,0,0,0,0,1,0,0,0,0,0,0,2,0,2,1,0,0,3,0,0,0,8
35375,0,0,0,0,0,0,1,0,0,0,0,1,0,0,0,1,0,6,2,0,0,10
35433,0,0,0,0,1,0,0,0,0,0,0,2,0,1,0,0,0,5,1,0,0,9
35434,0,0,0,0,0,0,0,0,0,0,0,2,0,0,0,0,0,7,2,0,0,11
35438,0,0,0,0,1,0,0,1,0,0,0,2,0,1,0,1,0,3,0,0,1,9
35469,0,0,0,0,1,0,0,0,0,0,0,2,0,1,0,0,0,6,1,0,0,10
35500,0,0,0,0,1,0,0,0,0,0,0,1,0,2,1,1,0,2,0,0,0,7
35529,0,0,0,0,1,0,0,0,0,0,0,2,0,2,1,0,0,3,0,0,0,8
35557,0,0,0,0,1,0,0,0,0,0,0,2,0,2,1,0,0,3,0,0,0,8
35571,0,0,0,0,1,0,0,0,0,0,0,2,0,2,1,0,0,3,0,0,0,8
35586,0,0,0,0,1,0,0,0,0,0,0,1,0,2,1,1,0,2,0,0,0,7
35591,0,0,0,0,1,0,0,0,0,1,1,1,0,1,0,1,0,3,0,0,0,8
35636,0,0,0,0,1,0,0,0,0,0,0,2,0,2,1,1,0,2,0,0,0,8
35659,0,0,0,0,1,0,0,0,0,0,0,2,0,1,0,0,0,6,2,0,0,11
35682,0,0,0,0,1,0,0,0,0,0,0,2,0,1,0,0,0,5,1,0,0,9
35728,0,0,0,0,0,1,0,0,0,0,0,1,0,0,0,0,0,7,2,0,0,10
35749,0,0,0,0,1,0,0,0,0,0,0,2,0,2,1,0,0,3,0,0,0,8
35785,0,0,0,0,0,0,0,0,0,0,0,1,0,0,0,0,0,7,2,0,0,10
35790,0,0,0,0,1,0,0,0,0,0,0,2,0,1,0,0,0,5,1,0,0,9
35956,0,0,0,0,1,0,0,0,0,0,0,1,0,2,1,1,0,2,0,0,0,7
35960,0,0,0,0,1,0,0,0,0,0,0,1,0,1,0,1,0,4,1,0,0,8
35981,0,0,0,0,1,0,0,0,0,0,0,2,0,2,1,0,0,3,0,0,0,8
35996,0,0,0,0,1,0,0,0,0,0,0,2,1,1,0,0,0,4,0,0,0,8
36001,0,0,0,0,1,0,0,0,0,1,0,1,0,2,1,1,0,2,0,0,0,8
36049,0,0,0,0,1,0,0,0,0,0,0,2,0,2,1,0,0,3,0,0,0,8
36074,0,0,0,0,1,0,0,0,0,0,0,2,0,1,0,0,0,5,1,0,0,9
36090,0,0,0,0,1,0,0,0,0,0,0,2,0,3,8,0,0,3,0,0,0,16
36132,0,0,0,0,1,0,0,0,0,0,0,2,0,3,2,0,0,3,0,0,0,10
36151,0,0,0,0,1,0,0,0,0,0,0,2,0,2,1,0,0,3,0,0,0,8
36166,0,0,0,0,1,0,0,0,0,0,0,1,0,2,1,1,0,2,0,0,0,7
36175,0,0,0,0,1,0,0,0,0,0,0,2,0,1,0,0,0,4,1,0,0,8
36199,0,0,0,0,1,0,0,0,0,0,0,1,0,1,0,1,0,4,1,0,0,8
36238,0,0,0,0,1,0,0,0,0,1,0,1,0,2,1,1,0,2,0,0,0,8
36259,0,0,0,0,1,0,0,1,0,0,0,2,0,1,0,0,0,4,0,0,1,9
36339,0,0,0,0,1,0,0,0,0,0,0,2,0,1,0,0,0,5,1,0,0,9
36373,0,0,0,0,1,0,0,1,2,0,0,1,0,1,0,1,0,3,0,0,0,9
36403,0,0,0,0,1,0,0,1,0,0,0,1,0,1,0,1,0,3,0,0,1,8
36441,0,0,0,0,1,0,0,0,0,2,1,1,0,0,0,1,0,2,0,0,0,7
36456,0,0,0,0,1,0,0,0,0,0,0,2,0,2,1,0,0,3,0,0,0,8
36464,0,0,0,0,1,0,0,0,0,0,0,1,0,2,1,1,0,2,0,0,0,7
36467,0,0,0,0,1,0,0,0,0,0,0,1,0,3,2,1,0,2,0,0,0,9
36570,0,0,0,0,1,0,0,0,0,0,0,3,1,2,1,0,0,3,0,0,0,10
36579,0,0,0,0,1,0,0,0,0,0,0,2,0,2,1,0,0,3,0,0,0,8
36600,0,0,0,0,0,0,0,0,0,0,0,2,0,0,0,0,0,6,2,0,0,10
36618,0,0,0,0,1,0,0,0,0,1,0,1,0,2,1,1,0,2,0,0,0,8
36621,0,0,0,0,1,0,0,0,0,0,0,2,0,2,1,0,0,3,0,0,0,8
36676,0,0,0,0,1,0,0,0,0,0,0,2,0,2,1,0,0,3,0,0,0,8
36678,0,0,0,0,1,0,0,0,0,1,0,1,0,2,1,1,0,2,0,0,0,8
36703,0,0,0,0,1,0,0,0,0,0,0,1,0,2,1,1,0,2,0,0,0,7
36734,0,0,0,0,1,0,0,0,0,0,0,2,0,3,3,0,0,3,0,0,0,11
36762,0,0,0,0,0,0,0,0,0,0,0,2,0,0,0,0,0,7,2,0,0,11
36768,0,0,0,0,1,0,0,0,0,1,0,1,0,1,0,1,0,4,1,0,0,9
36841,0,0,0,0,1,0,0,0,0,0,0,2,0,2,1,0,0,3,0,0,0,8
36861,0,0,0,0,1,0,0,0,0,0,0,2,0,1,0,0,0,5,1,0,0,9
36874,0,0,0,0,0,1,0,0,0,0,0,1,0,1,0,1,0,1,0,4,1,9
36879,0,0,0,0,0,1,0,0,0,0,0,1,0,1,0,2,1,1,0,2,0,8
36910,0,0,0,0,0,1,0,0,0,0,0,1,0,1,0,2,1,1,0,2,0,8
36917,0,0,0,0,0,1,0,0,0,0,0,0,0,4,1,1,0,0,0,4,0,10
36941,0,0,0,0,0,1,0,0,0,0,0,1,0,1,0,2,1,1,0,2,0,8
36949,0,0,0,0,0,1,0,0,0,0,1,0,0,2,0,1,0,0,0,4,0,8
36952,0,0,0,0,0,1,0,0,0,0,0,1,0,1,0,2,1,1,0,2,0,8
36970,0,0,0,0,0,1,0,0,0,0,0,1,0,1,0,2,1,1,0,2,0,8
36973,0,0,0,0,0,1,0,0,0,0,0,0,0,2,0,2,1,0,0,3,0,8
36994,0,0,0,0,0,1,0,0,0,0,0,1,0,1,0,2,1,1,0,2,0,8
37021,0,0,0,0,0,1,0,0,0,0,0,1,0,1,0,1,0,1,0,5,1,10
37060,0,0,0,0,0,1,0,0,1,1,0,1,0,1,0,0,0,1,0,2,0,7
37081,0,0,0,0,0,1,0,0,0,0,0,1,0,1,0,1,1,1,0,3,0,8
37092,0,0,0,0,0,1,0,0,0,0,0,1,0,1,0,1,0,1,0,4,1,9
37113,0,0,0,0,0,1,0,0,0,0,0,1,0,1,0,2,1,1,0,2,0,8
37127,0,0,0,0,0,1,0,0,0,0,0,1,0,1,0,3,2,1,0,2,0,10
37152,0,0,0,0,0,1,0,0,0,0,0,1,0,1,0,2,1,1,0,2,0,8
37191,0,0,0,0,0,1,0,0,0,0,0,1,0,1,0,2,1,1,0,2,0,8
37242,0,0,0,0,0,1,0,0,0,0,0,0,0,2,0,2,1,0,0,3,0,8
37244,0,0,0,0,0,1,0,0,0,0,0,1,0,1,0,2,1,1,0,2,0,8
37262,0,0,0,0,0,1,0,0,0,0,0,1,0,1,0,3,2,1,0,2,0,10
37279,0,0,0,0,0,1,0,0,0,0,0,1,0,2,1,0,0,1,0,6,2,13
37322,0,0,0,0,0,1,0,0,0,0,0,1,0,1,0,2,1,1,0,2,0,8
37360,0,0,0,0,0,1,0,0,0,0,0,0,0,2,0,2,1,0,0,3,0,8
37379,0,0,0,0,0,1,0,0,0,0,0,1,0,1,0,2,1,1,0,2,0,8
37435,0,0,0,0,0,1,0,0,0,0,0,1,0,1,0,3,4,1,0,2,0,12
37444,0,0,0,0,0,1,0,0,0,0,0,0,0,2,0,1,0,0,0,5,1,9
37473,0,0,0,0,0,1,0,0,0,0,0,1,0,1,0,2,1,1,0,2,0,8
37494,0,0,0,0,0,1,0,0,0,0,0,1,0,1,0,2,1,1,0,2,0,8
37495,0,0,0,0,0,1,0,0,0,0,0,0,0,2,0,2,1,0,0,3,0,8
37504,0,0,0,0,0,1,0,1,0,0,0,1,0,1,0,1,0,1,0,3,1,9
37530,0,0,0,0,0,1,0,1,0,0,0,1,0,1,0,1,0,2,1,2,1,10
37665,0,0,0,0,0,1,0,0,0,0,0,1,0,1,0,2,1,1,0,2,0,8
37674,0,0,0,0,0,1,0,0,0,0,0,1,0,1,0,3,2,1,0,2,0,10
37679,0,0,0,0,0,1,0,0,0,0,0,1,0,1,0,2,1,1,0,2,0,8
37708,0,0,0,0,0,1,0,0,0,0,0,1,0,1,0,2,1,1,0,2,0,8
37710,0,0,0,0,0,1,0,0,0,0,0,1,0,1,0,4,3,1,0,2,0,12
37717,0,0,0,0,0,1,0,0,0,0,0,1,0,1,0,2,1,1,0,2,0,8
37732,0,0,0,0,0,1,0,0,0,0,0,1,0,1,0,1,0,1,0,3,1,8
37775,0,0,0,0,0,1,0,0,0,0,0,1,0,1,0,3,2,1,0,2,0,10
37787,0,0,0,0,0,1,0,0,2,2,0,1,0,1,0,0,0,1,0,2,0,9
37789,0,0,0,0,0,1,0,0,0,0,0,1,0,1,0,3,2,1,0,2,0,10
37806,0,0,0,0,0,1,0,0,0,0,0,1,0,1,0,2,1,1,0,2,0,8
37836,0,0,0,0,0,0,1,3,0,0,0,0,0,0,0,3,0,2,3,0,0,11
37866,0,0,0,0,0,0,1,5,1,0,0,0,0,0,0,3,0,1,0,0,0,10
37890,0,0,0,0,0,0,1,3,0,0,0,0,0,0,0,3,0,2,1,0,0,9
37893,0,0,0,0,0,0,1,5,1,0,0,0,0,0,0,3,0,1,0,0,0,10
37898,0,0,0,0,0,0,1,3,0,0,0,0,0,0,0,3,0,2,1,0,0,9
37951,0,0,0,0,0,0,1,5,1,0,0,0,0,0,0,3,0,1,0,0,0,10
38045,0,0,0,0,0,0,1,4,1,0,0,0,0,0,0,3,0,1,0,0,0,9
38149,0,0,0,0,0,0,1,3,0,0,0,0,0,0,0,3,0,2,1,0,0,9
38156,0,0,0,0,0,0,1,4,0,0,0,0,0,0,0,4,1,1,0,0,0,10
38162,0,0,0,0,0,0,1,3,0,0,0,0,0,0,0,3,0,2,1,0,0,9
38172,0,0,0,0,0,0,1,3,0,0,0,0,0,0,0,3,0,2,1,0,0,9
38194,0,0,0,0,0,0,1,3,0,0,0,0,0,0,0,3,0,2,1,0,0,9
38206,0,0,0,0,0,0,1,3,0,0,0,0,0,0,0,3,0,2,1,0,0,9
38248,0,0,0,0,0,0,1,3,0,0,0,0,0,0,0,3,0,2,1,0,0,9
38306,0,0,0,0,0,0,1,3,0,0,0,0,0,0,0,3,0,2,3,0,0,11
38360,0,0,0,0,0,0,1,5,1,0,0,0,0,0,0,3,0,1,0,0,0,10
38396,0,0,0,0,0,0,1,3,0,0,0,0,0,0,0,3,0,2,1,0,0,9
38412,0,0,0,0,0,0,1,3,0,0,0,0,0,0,0,3,0,2,1,0,0,9
38479,0,0,0,0,0,0,0,6,2,0,0,0,0,0,0,3,0,0,0,0,0,11
38520,0,0,0,0,0,0,1,3,0,0,0,0,0,0,0,3,0,1,0,1,1,9
38521,0,0,0,0,0,0,1,3,0,0,0,0,0,0,0,3,0,2,1,0,0,9
38580,0,0,0,0,0,0,1,3,0,0,0,0,0,0,0,3,0,2,1,0,0,9
38597,0,0,0,0,0,0,1,3,0,0,0,0,0,0,0,3,0,2,1,0,0,9
38613,0,0,0,0,0,0,1,3,0,0,0,0,0,0,0,3,0,2,1,0,0,9
38648,0,0,0,0,0,0,1,3,0,0,0,0,0,0,0,3,0,2,1,0,0,9
38668,0,0,0,0,0,0,1,4,1,0,0,0,0,0,0,3,0,2,4,0,0,14
38687,0,0,0,0,0,0,1,3,0,0,0,0,0,0,0,3,0,2,2,0,0,10
38719,0,0,0,0,0,0,1,3,0,0,0,1,1,0,0,3,0,2,1,0,0,11
38839,0,0,1,0,0,0,0,2,0,0,0,0,0,5,1,0,0,0,0,0,0,8
38848,0,0,1,0,0,0,0,2,0,0,0,0,0,5,1,0,0,0,0,0,0,8
38874,0,0,1,0,0,0,0,2,0,0,0,0,0,5,1,0,0,0,0,0,0,8
38891,0,0,1,0,0,0,0,2,0,0,0,0,0,6,2,0,0,0,0,0,0,10
38914,0,0,1,0,0,0,0,2,0,0,0,0,0,5,1,0,0,0,0,0,0,8
38919,0,0,1,0,0,0,0,2,0,0,0,0,0,5,1,0,0,0,0,0,0,8
38926,0,0,1,0,0,0,0,2,0,0,0,0,0,5,1,0,0,0,0,0,0,8
38931,0,0,1,0,0,0,0,2,0,0,0,0,0,5,1,0,0,0,0,0,0,8
38936,0,0,1,0,0,0,0,2,0,0,0,0,0,7,3,0,0,0,0,0,0,12
38937,0,0,1,0,0,0,0,2,0,0,0,0,0,5,1,0,0,0,0,0,0,8
38947,0,0,1,0,0,0,0,2,0,0,0,0,0,5,1,0,0,0,0,0,0,8
38948,0,0,1,0,0,0,0,2,0,0,0,0,0,5,1,0,0,0,0,0,0,8
38950,0,0,1,0,0,0,0,2,0,0,0,0,0,5,1,0,0,0,0,0,0,8
38954,0,0,1,0,0,0,0,2,0,0,0,0,0,6,3,0,0,0,0,0,0,11
38955,0,0,1,0,0,0,0,2,0,0,0,0,0,5,1,0,0,0,0,0,0,8
38958,0,0,1,0,0,0,0,2,0,0,0,0,0,5,1,0,0,0,0,0,0,8
38965,0,0,1,0,0,0,0,2,0,0,0,0,0,5,1,0,0,0,0,0,0,8
38969,0,0,1,0,0,0,0,2,0,0,0,0,0,5,1,0,0,0,0,0,0,8
38978,0,0,1,0,0,0,0,2,0,0,0,0,0,3,0,2,1,0,0,0,0,8
38979,0,0,1,0,0,0,0,2,0,0,0,0,0,5,1,0,0,0,0,0,0,8
38980,0,0,1,0,0,0,0,2,0,0,0,0,0,5,1,0,0,0,0,0,0,8
38981,0,0,1,0,0,0,0,2,0,0,0,0,0,5,1,0,0,0,0,0,0,8
38986,0,0,1,0,0,0,0,2,0,0,0,0,0,5,1,0,0,0,0,0,0,8
38991,0,0,1,0,0,0,0,2,0,0,0,0,0,5,1,0,0,0,0,0,0,8
38996,0,0,1,0,0,0,0,2,0,0,0,0,0,5,2,0,0,0,0,0,0,9
39004,0,0,1,0,0,0,0,2,0,0,0,0,0,3,0,0,0,0,0,2,1,8
39007,0,0,1,0,0,0,0,2,0,0,0,0,0,6,3,0,0,0,0,0,0,11
39018,0,0,1,0,0,0,0,2,0,0,0,0,0,3,0,2,1,0,0,0,0,8
39019,0,0,1,0,0,0,0,2,0,0,0,0,0,5,1,0,0,0,0,0,0,8
39033,0,0,1,0,0,0,0,2,0,0,0,0,0,5,1,0,0,0,0,0,0,8
39034,0,0,1,0,0,0,0,2,0,0,0,0,0,5,2,0,0,0,0,0,0,9
39037,0,0,1,0,0,0,0,2,0,0,0,0,0,5,1,0,0,0,0,0,0,8
39048,0,0,1,0,0,0,0,2,0,0,0,0,0,5,1,0,0,0,0,0,0,8
39050,0,0,1,0,0,0,0,2,0,0,0,0,0,5,1,0,0,0,0,0,0,8
39056,0,0,1,0,0,0,0,2,0,0,0,0,0,5,2,0,0,0,0,0,0,9
39059,0,0,1,0,0,0,0,2,0,0,0,0,0,5,1,0,0,0,0,0,0,8
39060,0,0,1,0,0,0,0,2,0,0,0,0,0,5,1,0,0,0,0,0,0,8
39061,0,0,1,0,0,0,0,2,0,0,0,0,0,5,1,0,0,0,0,0,0,8
39063,0,0,1,0,0,0,0,2,0,0,0,0,0,5,1,0,0,0,0,0,0,8
39068,0,0,1,0,0,0,0,2,0,0,0,0,0,5,1,0,0,0,0,0,0,8
39089,0,0,1,0,0,0,0,2,0,0,0,0,0,5,1,0,0,0,0,0,0,8
39096,0,0,1,0,0,0,0,2,0,0,0,0,0,5,1,0,0,0,0,0,0,8
39105,0,0,1,0,0,0,0,2,0,0,0,0,0,5,1,0,0,0,0,0,0,8
39108,0,0,1,0,0,0,0,3,1,0,0,0,0,5,1,0,0,0,0,0,0,10
39110,0,0,1,0,0,0,0,2,0,0,0,0,0,5,1,0,0,0,0,0,0,8
39112,0,0,1,0,0,0,0,2,0,0,0,0,0,5,1,0,0,0,0,0,0,8
39118,0,0,1,0,0,0,0,2,0,0,0,0,0,5,3,0,0,0,0,0,0,10
39119,0,0,1,0,0,0,0,3,1,0,0,0,0,5,1,0,0,0,0,0,0,10
39129,0,0,1,0,0,0,0,2,0,0,0,0,0,5,1,0,0,0,0,0,0,8
39142,0,0,1,0,0,0,0,2,0,0,0,0,0,5,1,0,0,0,0,0,0,8
39143,0,0,1,0,0,0,0,2,0,0,0,0,0,5,1,0,0,0,0,0,0,8
39148,0,0,1,0,0,0,0,2,0,0,0,0,0,5,2,0,0,0,0,0,0,9
39149,0,0,1,0,0,0,0,2,0,0,0,0,0,5,1,0,0,0,0,0,0,8
39150,0,0,1,0,0,0,0,2,0,0,3,0,0,5,1,0,0,0,0,0,0,11
39152,0,0,1,0,0,0,0,2,0,0,0,0,0,3,0,0,0,2,1,0,0,8
39155,0,0,1,0,0,0,0,2,0,0,0,0,0,5,1,0,0,0,0,0,0,8
39158,0,0,1,0,0,0,0,2,0,0,0,0,0,5,1,0,0,0,0,0,0,8
39168,0,0,1,0,0,0,0,2,0,0,0,0,0,5,1,0,0,0,0,0,0,8
39171,0,0,1,0,0,0,0,2,0,0,0,0,0,5,1,0,0,0,0,0,0,8
39176,0,0,1,0,0,0,0,2,1,0,0,0,0,3,0,0,0,0,0,0,0,6
39187,0,0,1,0,0,0,0,2,0,0,0,0,0,5,1,0,0,0,0,0,0,8
39191,0,0,1,0,0,0,0,2,0,0,0,0,0,5,1,0,0,0,0,0,0,8
39193,0,0,1,0,0,0,0,3,2,0,1,0,0,3,0,0,0,0,0,0,0,9
39201,0,0,1,0,0,0,0,2,0,2,1,0,0,3,0,0,0,0,0,0,0,8
39205,0,0,1,0,0,0,0,2,0,0,0,0,0,5,1,0,0,0,0,0,0,8
39219,0,0,1,0,0,0,0,2,0,0,0,0,0,5,1,0,0,0,0,0,0,8
39231,0,0,1,0,0,0,0,2,0,0,0,0,0,5,1,0,0,0,0,0,0,8
39232,0,0,1,0,0,0,0,2,0,0,0,0,0,5,3,0,0,0,0,0,0,10
39233,0,0,1,0,0,0,0,2,0,0,0,0,0,8,4,0,0,0,0,0,0,14
39236,0,0,1,0,0,0,0,2,0,0,0,0,0,5,1,0,0,0,0,0,0,8
39240,0,0,1,0,0,0,0,2,0,0,0,0,0,3,0,0,0,0,0,2,1,8
39241,0,0,1,0,0,0,0,2,0,0,0,0,0,5,1,0,0,0,0,0,0,8
39252,0,0,1,0,0,0,0,2,0,0,0,0,0,5,1,0,0,0,0,0,0,8
39274,0,0,1,0,0,0,0,2,0,0,0,0,0,5,1,0,0,0,0,0,0,8
39275,0,0,1,0,0,0,0,2,0,0,0,0,0,5,1,0,0,0,0,0,0,8
39278,0,0,1,0,0,0,0,2,0,0,0,0,0,5,1,0,0,0,0,0,0,8
39280,0,0,1,0,0,0,0,2,0,0,0,0,0,6,2,0,0,0,0,0,0,10
39281,0,0,1,0,0,0,0,2,0,0,0,0,0,5,1,0,0,0,0,0,0,8
39288,0,0,1,0,0,0,0,2,0,0,0,0,0,5,1,0,0,0,0,0,0,8
39291,0,0,1,0,0,0,0,2,0,0,0,0,0,5,1,0,0,0,0,0,0,8
39297,0,0,1,0,0,0,0,2,0,0,0,0,0,5,1,0,0,0,0,0,0,8
39298,0,0,1,0,0,0,0,2,0,0,0,0,0,9,5,0,0,0,0,0,0,16
39299,0,0,1,0,0,0,0,2,0,0,0,0,0,5,1,0,0,0,0,0,0,8
39311,0,0,1,0,0,0,0,2,0,0,0,0,0,5,1,0,0,0,0,0,0,8
39313,0,0,1,0,0,0,0,2,0,0,0,0,0,3,1,0,0,0,0,0,0,6
39324,0,0,1,0,0,0,0,3,1,0,0,0,0,5,1,0,0,0,0,0,0,10
39334,0,0,1,0,0,0,0,2,0,0,0,0,0,6,2,0,0,0,0,0,0,10
39340,0,0,1,0,0,0,0,2,0,0,0,0,0,3,0,2,1,0,0,0,0,8
39343,0,0,1,0,0,0,0,2,0,0,0,0,0,5,1,0,0,0,0,0,0,8
39344,0,0,1,0,0,0,0,2,0,0,0,0,0,5,1,0,0,0,0,0,0,8
39347,0,0,1,0,0,0,0,2,0,0,0,0,0,5,1,0,0,0,0,0,0,8
39350,0,0,1,0,0,0,0,3,1,0,0,0,0,5,1,0,0,0,0,0,0,10
39360,0,0,1,0,0,0,0,2,0,0,0,0,0,3,0,0,0,0,0,2,1,8
39361,0,0,1,0,0,0,0,2,0,0,0,0,0,6,2,0,0,0,0,0,0,10
39363,0,0,1,0,0,0,0,2,0,0,0,0,0,5,1,0,0,0,0,0,0,8
39373,0,0,1,0,0,0,0,2,0,0,0,0,0,5,1,0,0,0,0,0,0,8
39378,0,0,1,0,0,0,0,2,0,0,0,0,0,5,1,0,0,0,0,0,0,8
39391,0,0,1,0,0,0,0,2,0,0,0,0,0,5,1,0,0,0,0,0,0,8
39394,0,0,1,0,0,0,0,2,0,0,0,0,0,3,0,2,1,0,0,0,0,8
39398,0,0,1,0,0,0,0,2,0,0,0,0,0,5,1,0,0,0,0,0,0,8
39415,0,0,1,0,0,0,0,2,0,0,0,0,0,3,1,0,0,0,0,0,0,6
39421,0,0,1,0,0,0,0,3,1,0,0,0,0,3,0,0,0,0,0,0,0,7
39422,0,0,1,0,0,0,0,2,0,4,3,0,0,5,1,0,0,0,0,0,0,15
39423,0,0,1,0,0,0,0,4,1,0,0,0,0,5,1,0,0,0,0,0,0,11
39424,0,0,1,0,0,0,0,2,0,0,0,0,0,3,0,0,0,2,1,0,0,8
39425,0,0,1,0,0,0,0,3,1,0,0,0,0,3,0,0,0,0,0,0,0,7
39429,0,0,1,0,0,0,0,2,0,0,0,0,0,5,1,0,0,0,0,0,0,8
39446,0,0,1,0,0,0,0,2,0,0,0,0,0,5,1,0,0,0,0,0,0,8
39448,0,0,1,0,0,0,0,3,1,0,0,0,0,5,1,0,0,0,0,0,0,10
39455,0,0,1,0,0,0,0,2,0,0,0,0,0,5,2,0,0,0,0,0,0,9
39464,0,0,1,0,0,0,0,2,0,0,0,0,0,5,1,0,0,0,0,0,0,8
39467,0,0,1,0,0,0,0,2,0,0,0,0,0,5,1,0,0,0,0,0,0,8
39469,0,0,1,0,0,0,0,2,0,0,0,0,0,5,1,0,0,0,0,0,0,8
39473,0,0,1,0,0,0,0,4,1,0,0,0,0,3,0,0,0,0,0,0,0,8
39483,0,0,1,0,0,0,0,2,0,0,0,0,0,5,1,0,0,0,0,0,0,8
39484,0,0,1,0,0,0,0,2,0,0,0,0,0,5,1,0,0,0,0,0,0,8
39493,0,0,1,0,0,0,0,2,0,0,0,0,0,5,1,0,0,0,0,0,0,8
39497,0,0,1,0,0,0,0,2,0,0,0,0,0,5,1,0,0,0,0,0,0,8
39508,0,0,1,0,0,0,0,2,0,0,0,0,0,5,1,0,0,0,0,0,0,8
39511,0,0,1,0,0,0,0,2,0,0,0,0,0,5,1,0,0,0,0,0,0,8
39516,0,0,1,0,0,0,0,2,0,0,0,0,0,5,1,0,0,0,0,0,0,8
39521,0,0,1,0,0,0,0,3,1,0,0,0,0,5,1,0,0,0,0,0,0,10
39523,0,0,1,0,0,0,0,2,0,0,0,0,0,5,1,0,0,0,0,0,0,8
39539,0,0,1,0,0,0,0,2,0,0,0,0,0,5,1,0,0,0,0,0,0,8
39542,0,0,1,0,0,0,0,4,1,0,0,0,0,3,0,0,0,0,0,0,0,8
39543,0,0,1,0,0,0,0,2,0,0,0,0,0,5,1,0,0,0,0,0,0,8
39545,0,0,1,0,0,0,0,2,0,0,0,0,0,5,1,0,0,0,0,0,0,8
39553,0,0,1,0,0,0,0,2,0,0,0,0,0,5,1,0,0,0,0,0,0,8
39554,0,0,1,0,0,0,0,2,0,0,0,0,0,6,2,0,0,0,0,0,0,10
39555,0,0,1,0,0,0,0,2,0,0,0,0,0,5,1,0,0,0,0,0,0,8
39557,0,0,1,0,0,0,0,2,0,0,0,0,0,6,2,0,0,0,0,0,0,10
39573,0,0,1,0,0,0,0,2,0,0,0,0,0,5,1,0,0,0,0,0,0,8
39587,0,0,1,0,0,0,0,2,0,0,0,0,0,5,1,0,0,0,0,0,0,8
39597,0,0,1,0,0,0,0,2,0,0,0,0,0,5,1,0,0,0,0,0,0,8
39601,0,0,1,0,0,0,0,2,0,0,0,0,0,3,0,0,0,0,0,2,1,8
39612,0,0,1,0,0,0,0,2,0,0,0,0,0,5,1,0,0,0,0,0,0,8
39618,0,0,1,0,0,0,0,2,0,0,0,0,0,5,1,0,0,0,0,0,0,8
39623,0,0,1,0,0,0,0,2,0,0,0,0,0,5,1,0,0,0,0,0,0,8
39628,0,0,1,0,0,0,0,2,0,0,0,0,0,5,1,0,0,0,0,0,0,8
39630,0,0,1,0,0,0,0,2,0,1,1,0,0,5,1,0,0,0,0,0,0,10
39634,0,0,1,0,0,0,0,2,0,0,0,0,0,3,0,0,0,0,0,2,1,8
39640,0,0,1,0,0,0,0,2,0,0,0,0,0,5,1,0,0,0,0,0,0,8
39646,0,0,1,0,0,0,0,2,0,0,0,0,0,6,2,0,0,0,0,0,0,10
39655,0,0,1,0,0,0,0,2,0,0,0,0,0,5,1,0,0,0,0,0,0,8
39667,0,0,1,0,0,0,0,2,0,0,0,0,0,5,2,0,0,0,0,0,0,9
39668,0,0,1,0,0,0,0,2,0,0,0,0,0,5,1,0,0,0,0,0,0,8
39674,0,0,1,0,0,0,0,2,0,0,0,0,0,5,1,0,0,0,0,0,0,8
39678,0,0,1,0,0,0,0,2,0,0,0,0,0,5,1,0,0,0,0,0,0,8
39686,0,0,1,0,0,0,0,2,1,2,0,0,0,3,0,0,0,0,0,0,0,8
39694,0,0,1,0,0,0,0,2,0,0,0,0,0,5,1,0,0,0,0,0,0,8
39695,0,0,1,0,0,0,0,2,0,0,0,0,0,5,1,0,0,0,0,0,0,8
39703,0,0,1,0,0,0,0,2,0,0,0,0,0,5,1,0,0,0,0,0,0,8
39711,0,0,1,0,0,0,0,2,0,0,0,0,0,5,1,0,0,0,0,0,0,8
39715,0,0,1,0,0,0,0,2,0,0,0,0,0,5,1,0,0,0,0,0,0,8
39718,0,0,1,0,0,0,0,2,0,0,0,0,0,5,1,0,0,0,0,0,0,8
39719,0,0,1,0,0,0,0,2,0,0,0,0,0,5,1,0,0,0,0,0,0,8
39740,0,0,1,0,0,0,0,2,0,0,0,0,0,5,1,0,0,0,0,0,0,8
39742,0,0,1,0,0,0,0,2,0,0,0,0,0,6,8,0,0,0,0,0,0,16
39750,0,0,1,0,0,0,0,2,0,0,0,0,0,5,1,0,0,0,0,0,0,8
39761,0,0,1,0,0,0,0,2,0,0,0,0,0,5,1,0,0,0,0,0,0,8
39765,0,0,1,0,0,0,0,2,0,0,0,0,0,3,0,2,1,0,0,0,0,8
39770,0,0,1,0,0,0,0,2,0,0,0,0,0,5,1,0,0,0,0,0,0,8
39794,0,0,0,1,0,0,0,0,0,1,0,0,0,0,0,3,1,0,0,0,0,5
39815,0,0,0,1,0,0,0,0,0,1,0,0,0,0,0,3,1,0,0,0,0,5
39834,0,0,0,1,0,0,0,0,0,1,0,0,0,0,0,3,1,0,0,0,0,5
39860,0,0,0,1,0,0,0,0,0,1,0,0,0,0,0,3,1,0,0,0,0,5
39866,0,0,0,1,0,0,0,0,0,1,0,0,0,0,0,3,1,0,0,0,0,5
39869,0,0,0,1,0,0,0,0,0,1,0,0,0,0,0,3,1,0,0,0,0,5
39878,0,0,0,1,0,0,0,0,0,1,0,0,0,0,0,3,1,0,0,0,0,5
39886,0,0,0,1,0,0,0,0,0,1,0,0,0,0,0,3,1,0,0,0,0,5
39895,0,0,0,1,0,0,0,0,0,1,0,0,0,0,0,3,2,0,0,0,0,6
39918,0,0,0,1,0,0,0,0,0,1,0,0,0,0,0,3,1,0,0,0,0,5
39922,0,0,0,1,0,0,0,0,0,1,0,0,0,0,0,1,5,0,0,0,0,7
39926,0,0,0,1,0,0,0,0,0,1,0,0,0,0,0,3,1,0,0,0,0,5
39946,0,0,0,1,0,0,0,0,0,1,0,0,0,0,0,4,2,0,0,0,0,7
39957,0,0,0,1,0,0,0,0,0,1,0,0,0,0,0,3,1,0,0,0,0,5
39968,0,0,0,1,0,0,0,0,0,1,0,0,0,0,0,3,1,0,0,0,0,5
39974,0,0,0,1,0,0,0,0,0,1,0,0,0,0,0,3,1,0,0,0,0,5
39980,0,0,0,1,0,0,0,0,0,1,0,0,0,0,0,4,4,0,0,0,0,9
39988,0,0,0,1,0,0,0,0,0,1,0,0,0,0,0,3,1,0,0,0,0,5
39994,0,0,0,1,0,0,0,0,0,1,0,0,0,0,0,3,1,0,0,0,0,5
39995,0,0,0,1,0,0,0,0,0,1,0,0,0,0,0,1,0,2,1,0,0,5
40001,0,0,0,1,0,0,0,0,0,1,1,0,0,0,0,3,1,0,0,0,0,6
40003,0,0,0,1,0,0,0,0,0,1,0,0,0,0,0,3,2,0,0,0,0,6
40008,0,0,0,1,0,0,0,0,0,1,0,0,0,0,0,3,1,0,0,0,0,5
40011,0,0,0,1,0,0,0,0,0,1,0,0,0,0,0,3,1,0,0,0,0,5
40027,0,0,0,1,0,0,0,0,0,3,1,0,0,0,0,1,0,0,0,0,0,5
40032,0,0,0,1,0,0,0,0,0,1,0,0,0,0,0,3,2,0,0,0,0,6
40043,0,0,0,1,0,0,0,0,0,1,0,0,0,0,0,3,1,0,0,0,0,5
40083,0,0,0,1,0,0,0,0,0,1,0,0,0,0,0,1,0,2,1,0,0,5
40091,0,0,0,1,0,0,0,0,0,1,0,0,0,0,0,3,1,0,0,0,0,5
40097,0,0,0,1,0,0,0,0,0,1,0,0,0,0,0,3,1,0,0,0,0,5
40109,0,0,0,1,0,0,0,0,0,1,0,0,0,0,0,3,1,0,0,0,0,5
40116,0,0,0,1,0,0,0,0,0,1,0,0,0,0,0,1,0,2,2,0,0,6
40120,0,0,0,1,0,0,0,0,0,1,0,0,0,0,0,3,1,0,0,0,0,5
40121,0,0,0,1,0,0,0,0,0,1,0,0,0,0,0,3,1,0,0,0,0,5
40123,0,0,0,1,0,0,0,0,0,1,0,0,0,0,0,1,0,2,1,0,0,5
40125,0,0,0,1,0,0,0,0,0,1,0,0,0,0,0,3,1,0,0,0,0,5
40128,0,0,0,1,0,0,0,0,0,1,0,0,0,0,0,3,2,0,0,0,0,6
40134,0,0,0,1,0,0,0,0,0,1,0,0,0,0,0,3,1,0,0,0,0,5
40138,0,0,0,1,0,0,0,0,0,1,0,0,0,0,0,3,1,0,0,0,0,5
40140,0,0,0,1,0,0,0,0,0,1,0,0,0,0,0,3,1,0,0,0,0,5
40144,0,0,0,1,0,0,0,0,0,1,0,0,0,0,0,3,1,0,0,0,0,5
40155,0,0,0,1,0,0,0,0,0,1,0,0,0,0,0,3,1,0,0,0,0,5
40168,0,0,0,1,0,0,0,0,0,1,0,0,0,0,0,3,1,0,0,0,0,5
40177,0,0,0,1,0,0,0,0,0,1,0,0,0,0,0,3,1,0,0,0,0,5
40184,0,0,0,1,0,0,0,0,0,2,2,0,0,0,0,1,0,0,0,0,0,5
40194,0,0,0,1,0,0,0,0,0,1,0,0,0,0,0,3,1,0,0,0,0,5
40201,0,0,0,1,0,0,0,0,0,1,0,0,0,0,0,3,1,0,0,0,0,5
40205,0,0,0,1,0,0,0,0,0,1,0,0,0,0,0,3,1,0,0,0,0,5
40217,0,0,0,1,0,0,0,0,0,1,0,0,0,0,0,3,1,0,0,0,0,5
40219,0,0,0,1,0,0,0,0,0,1,0,0,0,0,0,1,0,2,1,0,0,5
40227,0,0,0,1,0,0,0,0,0,1,0,0,0,0,0,1,0,0,0,2,1,5
40228,0,0,0,1,0,0,0,0,0,1,0,0,0,0,0,3,1,0,0,0,0,5
40230,0,0,0,1,0,0,0,0,0,1,0,0,0,0,0,3,1,0,0,0,0,5
40236,0,0,0,1,0,0,0,0,0,1,0,0,0,0,0,3,1,0,0,0,0,5
40247,0,0,0,1,0,0,0,0,0,1,0,0,0,0,0,4,2,0,0,0,0,7
40249,0,0,0,1,0,0,0,0,0,1,0,0,0,0,0,3,1,0,0,0,0,5
40253,0,0,0,1,0,0,0,0,0,1,0,0,0,0,0,3,1,0,0,0,0,5
40256,0,0,0,1,0,0,0,0,0,1,0,0,0,0,0,3,1,0,0,0,0,5
40265,0,0,0,1,0,0,0,0,0,1,0,0,0,0,0,3,1,0,0,0,0,5
40267,0,0,0,1,0,0,0,0,0,1,0,0,0,0,0,3,1,0,0,0,0,5
40273,0,0,0,1,0,0,0,0,0,1,0,0,0,0,0,3,1,0,0,0,0,5
40281,0,0,0,1,0,0,0,0,0,1,0,0,0,0,0,3,1,0,0,0,0,5
40299,0,0,0,1,0,0,0,0,0,1,0,0,0,0,0,3,1,0,0,0,0,5
40306,0,0,0,1,0,0,0,2,1,1,0,0,0,0,0,1,0,0,0,0,0,5
40332,0,0,0,1,0,0,0,0,0,1,0,0,0,0,0,3,1,0,0,0,0,5
40334,0,0,0,1,0,0,0,0,0,1,0,0,0,0,0,3,1,0,0,0,0,5
40338,0,0,0,1,0,0,0,0,0,1,0,0,0,0,0,3,1,0,0,0,0,5
40341,0,0,0,1,0,0,0,0,0,1,0,0,0,0,0,3,1,0,0,0,0,5
40357,0,0,0,1,0,0,0,0,0,3,1,0,0,0,0,1,0,0,0,0,0,5
40363,0,0,0,1,0,0,0,0,0,1,0,0,0,0,0,3,1,0,0,0,0,5
40364,0,0,0,1,0,0,0,0,0,3,1,0,0,0,0,1,0,0,0,0,0,5
40375,0,0,0,1,0,0,0,0,0,1,0,0,0,0,0,4,3,0,0,0,0,8
40381,0,0,0,1,0,0,0,0,0,1,0,0,0,0,0,3,1,0,0,0,0,5
40408,0,0,0,1,0,0,0,0,0,1,0,0,0,0,0,3,1,0,0,0,0,5
40414,0,0,0,1,0,0,0,0,0,1,0,0,0,0,0,3,1,0,0,0,0,5
40417,0,0,0,1,0,0,0,0,0,1,0,0,0,0,0,3,1,0,0,0,0,5
40421,0,0,0,1,0,0,0,0,0,1,0,0,0,0,0,3,1,0,0,0,0,5
40431,0,0,0,1,0,0,0,0,0,1,0,0,0,0,0,3,1,0,0,0,0,5
40434,0,0,0,1,0,0,0,0,0,1,0,0,0,0,0,3,1,0,0,0,0,5
40435,0,0,0,1,0,0,0,0,0,1,0,0,0,0,0,3,1,0,0,0,0,5
40436,0,0,0,1,0,0,0,0,0,1,0,0,0,0,0,3,1,0,0,0,0,5
40439,0,0,0,1,0,0,0,0,0,1,0,1,1,0,0,1,0,0,0,0,0,4
40440,0,0,0,1,0,0,0,0,0,1,0,0,0,0,0,3,1,0,0,0,0,5
40446,0,0,0,1,0,0,0,0,0,1,0,0,0,0,0,3,1,0,0,0,0,5
40454,0,0,0,1,0,0,0,0,0,1,0,0,0,0,0,3,1,0,0,0,0,5
40458,0,0,0,1,0,0,0,0,0,1,0,0,0,0,0,3,1,0,0,0,0,5
40460,0,0,0,1,0,0,0,0,0,1,0,0,0,0,0,3,1,0,0,0,0,5
40461,0,0,0,1,0,0,0,0,0,1,0,0,0,0,0,3,1,0,0,0,0,5
40476,0,0,0,1,0,0,0,0,0,1,0,0,0,0,0,3,1,0,0,0,0,5
40477,0,0,0,1,0,0,0,0,0,1,0,0,0,0,0,3,1,0,0,0,0,5
40478,0,0,0,1,0,0,0,0,0,1,0,0,0,0,0,4,2,0,0,0,0,7
40479,0,0,0,1,0,0,0,0,0,1,0,0,0,0,0,3,1,0,0,0,0,5
40484,0,0,0,1,0,0,0,0,0,1,0,0,0,0,0,3,1,0,0,0,0,5
40493,0,0,0,1,0,0,0,0,0,1,0,0,0,0,0,3,1,0,0,0,0,5
40498,0,0,0,1,0,0,0,0,0,1,0,0,0,0,0,3,1,0,0,0,0,5
40504,0,0,0,1,0,0,0,0,0,2,1,0,0,0,0,3,2,0,0,0,0,8
40513,0,0,0,1,0,0,0,0,0,1,0,0,0,0,0,3,1,0,0,0,0,5
40518,0,0,0,1,0,0,0,0,0,2,1,0,0,0,0,1,0,0,0,0,0,4
40530,0,0,0,1,0,0,0,0,0,1,0,0,0,0,0,3,1,0,0,0,0,5
40536,0,0,0,1,0,0,0,0,0,1,0,0,0,0,0,3,1,0,0,0,0,5
40548,0,0,0,1,0,0,0,0,0,1,0,0,0,0,0,3,1,0,0,0,0,5
40562,0,0,0,1,0,0,0,0,0,1,0,0,0,0,0,3,1,0,0,0,0,5
40572,0,0,0,1,0,0,0,0,1,2,0,0,0,0,0,1,0,0,0,0,0,4
40573,0,0,0,1,0,0,0,0,0,1,0,0,0,0,0,1,0,0,0,2,1,5
40576,0,0,0,1,0,0,0,0,0,1,0,0,0,0,0,3,1,0,0,0,0,5
40583,0,0,0,1,0,0,0,0,0,1,0,0,0,0,0,3,2,0,0,0,0,6
40586,0,0,0,1,0,0,0,0,0,1,0,0,0,0,0,3,1,0,0,0,0,5
40590,0,0,0,1,0,0,0,0,0,1,0,0,0,0,0,3,1,0,0,0,0,5
40594,0,0,0,1,0,0,0,0,0,1,0,0,0,0,0,3,1,0,0,0,0,5
40610,0,0,0,1,0,0,0,0,0,1,0,0,0,0,0,3,1,0,0,0,0,5
40618,0,0,0,1,0,0,0,0,0,1,0,0,0,0,0,3,1,0,0,0,0,5
40622,0,0,0,1,0,0,0,0,0,1,0,0,0,0,0,3,1,0,0,0,0,5
40627,0,0,0,1,0,0,0,0,0,1,0,0,0,0,0,3,1,0,0,0,0,5
40647,0,0,0,1,0,0,0,0,0,1,0,0,0,0,0,3,1,0,0,0,0,5
40655,0,0,0,1,0,0,0,0,0,1,0,0,0,0,0,3,1,0,0,0,0,5
40656,0,0,0,1,0,0,0,0,0,1,0,0,0,0,0,3,1,0,0,0,0,5
40659,0,0,0,1,0,0,0,0,0,1,0,0,0,0,0,3,1,0,0,0,0,5
40665,0,0,0,1,0,0,0,0,0,2,1,0,0,0,0,1,0,0,0,0,0,4
40676,0,0,0,1,0,0,0,0,0,1,0,0,0,0,0,3,1,0,0,0,0,5
40681,0,0,0,1,0,0,0,0,0,1,0,0,0,0,0,3,1,0,0,0,0,5
40685,0,0,0,1,0,0,0,0,0,1,0,0,0,0,0,3,1,0,0,0,0,5
40686,0,0,0,1,0,0,0,0,0,1,0,0,0,0,0,3,1,0,0,0,0,5
40691,0,0,0,1,0,0,0,0,0,1,0,0,0,0,0,3,1,0,0,0,0,5
40704,0,0,0,1,0,0,0,0,0,1,0,0,0,0,0,3,1,0,0,0,0,5
40705,0,0,0,1,0,0,0,0,0,1,0,0,0,0,0,3,1,0,0,0,0,5
40713,0,0,0,1,0,0,0,0,0,1,0,0,0,0,0,3,2,0,0,0,0,6
40714,0,0,0,1,0,0,0,0,0,2,1,0,0,0,0,3,1,0,0,0,0,7
40715,0,0,0,1,0,0,0,0,0,1,0,0,0,0,0,3,1,0,0,0,0,5
40720,0,0,0,1,0,0,0,2,1,1,0,0,0,0,0,1,0,0,0,0,0,5
40724,0,0,0,1,0,0,0,0,0,1,0,0,0,0,0,3,1,0,0,0,0,5
40741,0,0,0,0,1,0,0,0,0,0,0,1,0,0,0,0,0,3,2,0,0,6
40745,0,0,0,0,1,0,0,0,0,0,0,1,0,0,0,0,0,4,2,0,0,7
40778,0,0,0,0,1,0,0,0,0,0,1,1,0,0,0,0,0,1,2,0,0,5
40782,0,0,0,0,1,0,0,0,0,0,0,1,0,0,0,0,0,3,1,0,0,5
40785,0,0,0,0,1,0,0,0,0,0,0,1,0,0,0,0,0,3,1,0,0,5
40790,0,0,0,0,1,0,0,0,0,0,0,1,0,0,0,0,0,3,1,0,0,5
40803,0,0,0,0,1,0,0,0,0,0,0,1,0,0,0,0,0,3,2,0,0,6
40813,0,0,0,0,1,0,0,0,0,0,0,1,0,0,0,0,0,3,2,0,0,6
40818,0,0,0,0,1,0,0,0,0,0,0,1,0,0,0,0,0,3,1,0,0,5
40820,0,0,0,0,1,0,0,0,0,0,0,2,1,0,0,0,0,1,0,0,0,4
40830,0,0,0,0,1,0,0,0,0,0,0,1,0,0,0,0,0,3,1,0,0,5
40836,0,0,0,0,1,0,0,0,0,0,0,1,0,0,0,0,0,3,1,0,0,5
40841,0,0,0,0,1,0,0,0,0,0,0,1,0,0,0,0,0,3,1,0,0,5
40848,0,0,0,0,1,0,0,0,0,0,0,1,0,0,0,0,0,3,1,0,0,5
40850,0,0,0,0,1,0,0,0,0,0,0,1,0,0,0,0,0,3,1,0,0,5
40851,0,0,0,0,1,0,0,0,0,0,0,1,0,0,0,0,0,5,3,0,0,9
40852,0,0,0,0,1,0,0,0,0,0,0,1,0,0,0,0,0,3,1,0,0,5
40856,0,0,0,0,1,0,0,0,0,0,0,1,0,0,0,0,0,3,1,0,0,5
40863,0,0,0,0,1,0,0,0,0,0,0,1,0,0,0,0,0,3,1,0,0,5
40877,0,0,0,0,1,0,0,0,0,0,0,1,0,0,0,0,0,3,1,0,0,5
40884,0,0,0,0,1,0,0,0,1,0,0,2,1,0,0,0,0,1,0,0,0,5
40893,0,0,0,0,1,0,0,0,0,0,0,1,0,0,0,0,0,3,1,0,0,5
40898,0,0,0,0,1,0,0,0,0,0,0,2,1,0,0,0,0,1,0,0,0,4
40916,0,0,0,0,1,0,0,0,0,0,0,1,0,0,0,0,0,3,1,0,0,5
40928,0,0,0,0,1,0,0,0,0,0,0,1,0,0,0,0,0,3,1,0,0,5
40972,0,0,0,0,1,0,0,0,0,0,0,1,0,0,0,0,0,3,1,0,0,5
40975,0,0,0,0,1,0,0,0,0,0,0,1,0,0,0,0,0,3,1,0,0,5
40990,0,0,0,0,1,0,0,2,1,0,0,1,0,0,0,0,0,1,0,0,0,5
40991,0,0,0,0,1,0,0,0,0,0,0,2,1,0,0,0,0,3,1,0,0,7
41002,0,0,0,0,1,0,0,0,0,0,0,2,1,0,0,0,0,1,0,0,0,4
41017,0,0,0,0,1,0,0,0,0,0,0,1,0,0,0,0,0,3,1,0,0,5
41026,0,0,0,0,1,0,0,0,0,0,0,1,0,0,0,0,0,3,1,0,0,5
41056,0,0,0,0,1,0,0,0,0,0,0,1,0,0,0,0,0,3,1,0,0,5
41068,0,0,0,0,1,0,0,0,0,0,0,1,0,0,0,0,0,3,1,0,0,5
41070,0,0,0,0,1,0,0,0,0,0,0,1,0,0,0,0,0,3,1,0,0,5
41084,0,0,0,0,1,0,0,0,0,0,0,1,0,0,0,0,0,3,1,0,0,5
41086,0,0,0,0,1,0,0,0,0,0,0,1,0,0,0,0,0,3,1,0,0,5
41098,0,0,0,0,1,0,0,0,0,0,0,1,0,0,0,0,0,3,1,0,0,5
41100,0,0,0,0,1,0,0,0,0,0,0,1,0,0,0,0,0,3,3,0,0,7
41103,0,0,0,0,1,0,0,0,0,0,0,1,0,0,0,0,0,3,1,0,0,5
41111,0,0,0,0,1,0,0,0,0,0,0,1,0,1,1,0,0,1,0,0,0,4
41112,0,0,0,0,1,0,0,0,0,0,0,1,0,0,0,0,0,3,1,0,0,5
41117,0,0,0,0,1,0,0,0,0,0,0,1,0,0,0,0,0,3,1,0,0,5
41119,0,0,0,0,1,0,0,0,0,0,0,1,0,0,0,0,0,3,1,0,0,5
41137,0,0,0,0,1,0,0,0,0,0,0,1,0,0,0,0,0,3,1,0,0,5
41139,0,0,0,0,1,0,0,0,0,0,0,3,2,0,0,0,0,1,0,0,0,6
41142,0,0,0,0,1,0,0,0,0,0,0,1,0,0,0,0,0,3,1,0,0,5
41154,0,0,0,0,1,0,0,0,0,0,0,1,0,0,0,0,0,3,1,0,0,5
41164,0,0,0,0,1,0,0,0,0,0,0,1,0,0,0,0,0,3,1,0,0,5
41172,0,0,0,0,1,0,0,0,0,0,0,1,0,0,0,0,0,3,1,0,0,5
41197,0,0,0,0,1,0,0,0,0,0,0,2,1,0,0,0,0,3,1,0,0,7
41199,0,0,0,0,1,0,0,0,0,0,0,1,0,0,0,0,0,3,1,0,0,5
41200,0,0,0,0,1,0,0,0,0,0,0,1,0,0,0,0,0,3,1,0,0,5
41205,0,0,0,0,1,0,0,2,1,0,0,1,0,0,0,0,0,1,0,0,0,5
41250,0,0,0,0,1,0,0,0,0,0,0,1,0,0,0,0,0,3,1,0,0,5
41253,0,0,0,0,1,0,0,0,0,0,0,1,0,0,0,0,0,3,1,0,0,5
41263,0,0,0,0,1,0,0,0,0,0,0,1,0,0,0,0,0,3,1,0,0,5
41266,0,0,0,0,1,0,0,0,0,0,0,1,0,0,0,0,0,3,1,0,0,5
41271,0,0,0,0,1,0,0,0,0,0,0,1,0,0,0,0,0,3,1,0,0,5
41272,0,0,0,0,1,0,0,0,0,0,0,1,0,0,0,0,0,2,1,0,0,4
41273,0,0,0,0,1,0,0,0,0,0,0,2,1,0,0,0,0,3,3,0,0,9
41276,0,0,0,0,1,0,0,0,0,0,0,1,0,0,0,0,0,3,1,0,0,5
41286,0,0,0,0,1,0,0,0,0,0,0,1,0,0,0,0,0,3,1,0,0,5
41290,0,0,0,0,1,0,0,0,0,0,0,1,0,0,0,0,0,3,1,0,0,5
41299,0,0,0,0,1,0,0,0,0,0,0,1,0,2,2,0,0,1,0,0,0,6
41301,0,0,0,0,1,0,0,0,0,0,0,1,0,0,0,0,0,3,1,0,0,5
41329,0,0,0,0,1,0,0,0,0,0,0,1,0,0,0,0,0,3,1,0,0,5
41331,0,0,0,0,1,0,0,0,0,0,0,1,0,0,0,0,0,3,1,0,0,5
41339,0,0,0,0,1,0,0,0,0,0,0,1,0,0,0,0,0,3,1,0,0,5
41341,0,0,0,0,1,0,0,0,0,0,0,1,0,0,0,0,0,3,1,0,0,5
41344,0,0,0,0,1,0,0,0,0,0,0,1,0,0,0,0,0,3,1,0,0,5
41351,0,0,0,0,1,0,0,0,0,0,0,1,0,0,0,0,0,3,1,0,0,5
41352,0,0,0,0,1,0,0,0,0,0,0,2,1,0,0,0,0,3,1,0,0,7
41354,0,0,0,0,1,0,0,0,0,0,0,1,0,0,0,0,0,5,4,0,0,10
41355,0,0,0,0,1,0,0,0,0,0,0,1,0,0,0,0,0,3,1,0,0,5
41362,0,0,0,0,1,0,0,0,0,0,0,1,0,0,0,0,0,3,1,0,0,5
41365,0,0,0,0,1,0,0,0,0,0,0,1,0,0,0,0,0,3,1,0,0,5
41366,0,0,0,0,1,0,0,0,0,0,0,1,0,0,0,0,0,3,1,0,0,5
41373,0,0,0,0,1,0,0,0,0,0,0,1,0,0,0,0,0,3,1,0,0,5
41375,0,0,0,0,1,0,0,0,0,0,0,1,0,0,0,0,0,3,1,0,0,5
41393,0,0,0,0,1,0,0,0,0,0,0,1,0,0,0,0,0,3,1,0,0,5
41404,0,0,0,0,1,0,0,2,1,0,0,1,0,0,0,0,0,1,0,0,0,5
41405,0,0,0,0,1,0,0,0,0,0,0,1,0,0,0,0,0,3,1,0,0,5
41409,0,0,0,0,1,0,0,0,0,0,0,1,0,0,0,0,0,3,1,0,0,5
41410,0,0,0,0,1,0,0,0,0,0,0,1,0,0,0,0,0,1,0,2,1,5
41423,0,0,0,0,1,0,0,0,0,0,0,1,0,0,0,0,0,3,1,0,0,5
41425,0,0,0,0,1,0,0,0,0,0,0,1,0,0,0,0,0,3,1,0,0,5
41430,0,0,0,0,1,0,0,0,0,0,0,1,0,0,0,0,0,3,1,0,0,5
41436,0,0,0,0,1,0,0,0,0,0,0,1,0,0,0,0,0,3,1,0,0,5
41438,0,0,0,0,1,0,0,0,0,0,0,1,0,0,0,0,0,3,1,0,0,5
41446,0,0,0,0,1,0,0,2,1,0,0,1,0,0,0,0,0,1,0,0,0,5
41462,0,0,0,0,1,0,0,0,0,0,0,1,0,0,0,0,0,3,1,0,0,5
41465,0,0,0,0,1,0,0,0,0,0,0,2,1,0,0,0,0,3,1,0,0,7
41469,0,0,0,0,1,0,0,0,0,0,0,1,0,0,0,0,0,3,1,0,0,5
41471,0,0,0,0,1,0,0,0,0,0,0,1,0,0,0,0,0,3,1,0,0,5
41486,0,0,0,0,1,0,0,0,0,0,0,1,0,0,0,0,0,15,10,0,0,26
41491,0,0,0,0,1,0,0,0,0,0,0,1,0,0,0,0,0,3,1,0,0,5
41492,0,0,0,0,1,0,0,0,0,0,0,1,0,0,0,0,0,3,1,0,0,5
41504,0,0,0,0,1,0,0,0,0,0,0,1,0,0,0,0,0,5,4,0,0,10
41506,0,0,0,0,1,0,0,0,0,0,0,1,1,0,0,0,0,1,0,0,0,3
41514,0,0,0,0,1,0,0,0,0,0,0,1,0,0,0,0,0,3,1,0,0,5
41516,0,0,0,0,1,0,0,0,0,0,0,1,0,0,0,0,0,3,1,0,0,5
41518,0,0,0,0,1,0,0,0,0,0,0,1,0,0,0,0,0,3,1,0,0,5
41527,0,0,0,0,1,0,0,0,0,0,0,1,0,0,0,0,0,3,1,0,0,5
41532,0,0,0,0,1,0,0,0,0,0,0,1,0,0,0,0,0,3,1,0,0,5
41539,0,0,0,0,1,0,0,0,0,0,0,3,1,0,0,0,0,1,0,0,0,5
41549,0,0,0,0,1,0,0,0,0,0,0,1,0,0,0,0,0,3,1,0,0,5
41561,0,0,0,0,1,0,0,0,0,0,0,1,0,0,0,0,0,1,1,0,0,3
41565,0,0,0,0,1,0,0,0,0,0,0,1,0,0,0,0,0,3,2,0,0,6
41567,0,0,0,0,1,0,0,0,0,0,0,1,0,0,0,0,0,3,1,0,0,5
41570,0,0,0,0,1,0,0,2,1,0,0,1,0,0,0,0,0,1,0,0,0,5
41572,0,0,0,0,1,0,0,0,0,0,0,1,0,0,0,0,0,3,1,0,0,5
41579,0,0,0,0,1,0,0,0,0,0,0,1,0,0,0,0,0,3,1,0,0,5
41580,0,0,0,0,1,0,0,0,0,0,0,1,0,0,0,0,0,3,1,0,0,5
41633,0,0,0,0,0,1,0,0,0,0,0,0,0,1,0,0,0,0,0,3,1,5
41651,0,0,0,0,0,1,0,2,1,0,0,0,0,1,0,0,0,0,0,1,0,5
41663,0,0,0,0,0,1,0,0,0,0,0,0,0,1,0,0,0,0,0,3,1,5
41674,0,0,0,0,0,1,0,0,0,0,0,0,0,1,0,0,0,0,0,3,1,5
41675,0,0,0,0,0,1,0,0,0,0,0,0,0,1,0,0,0,0,0,3,1,5
41677,0,0,0,0,0,1,0,0,0,0,0,0,0,1,0,0,0,0,0,3,1,5
41680,0,0,0,0,0,1,0,0,0,0,0,0,0,1,0,0,0,0,0,3,1,5
41681,0,0,0,0,0,1,0,0,0,0,0,0,0,3,1,0,0,0,0,1,0,5
41688,0,0,0,0,0,1,0,0,0,0,0,0,0,1,0,0,0,0,0,3,1,5
41693,0,0,0,0,0,1,0,0,0,0,0,0,0,1,0,0,0,0,0,3,1,5
41704,0,0,0,0,0,1,0,0,0,0,0,0,0,1,0,0,0,0,0,3,2,6
41707,0,0,0,0,0,1,0,0,0,0,0,0,0,1,0,0,0,0,0,3,1,5
41712,0,0,0,0,0,1,0,0,0,0,0,2,1,1,0,0,0,0,0,1,0,5
41727,0,0,0,0,0,1,0,0,0,0,0,0,0,1,0,0,0,0,0,3,1,5
41734,0,0,0,0,0,1,0,0,0,0,0,0,0,1,0,0,0,0,0,3,1,5
41736,0,0,0,0,0,1,0,0,0,0,0,0,0,1,0,0,0,0,0,4,3,8
41771,0,0,0,0,0,1,0,0,0,0,0,0,0,1,0,0,0,0,0,3,1,5
41790,0,0,0,0,0,1,0,0,0,0,0,0,0,1,0,0,0,0,0,3,1,5
41793,0,0,0,0,0,1,0,0,0,0,0,0,0,1,0,0,0,0,0,3,1,5
41796,0,0,0,0,0,1,0,0,0,0,0,0,0,1,0,0,0,0,0,3,2,6
41806,0,0,0,0,0,1,0,2,1,0,0,0,0,1,0,0,0,0,0,1,0,5
41810,0,0,0,0,0,1,0,0,0,0,0,0,0,1,0,0,0,0,0,3,1,5
41811,0,0,0,0,0,1,0,0,0,0,0,0,0,3,1,0,0,0,0,1,0,5
41823,0,0,0,0,0,1,0,0,0,0,0,0,0,1,0,0,0,0,0,3,1,5
41825,0,0,0,0,0,1,0,0,0,0,0,0,0,1,0,0,0,0,0,3,1,5
41828,0,0,0,0,0,1,0,0,0,0,0,0,0,2,1,0,0,0,0,1,0,4
41844,0,0,0,0,0,1,0,0,0,0,0,0,0,1,0,0,0,0,0,3,1,5
41854,0,0,0,0,0,1,0,0,0,0,0,0,0,1,0,0,0,0,0,3,1,5
41873,0,0,0,0,0,1,0,0,0,0,0,0,0,1,0,0,0,0,0,3,1,5
41886,0,0,0,0,0,1,0,0,0,0,0,0,0,1,0,0,0,0,0,3,1,5
41888,0,0,0,0,0,1,0,0,0,0,0,0,0,1,0,0,0,0,0,3,1,5
41889,0,0,0,0,0,1,0,0,0,0,0,0,0,1,0,0,0,0,0,3,1,5
41891,0,0,0,0,0,1,0,0,0,0,0,0,0,1,0,0,0,0,0,3,1,5
41905,0,0,0,0,0,1,0,0,0,0,0,0,0,1,0,0,0,0,0,3,1,5
41907,0,0,0,0,0,1,0,0,0,0,0,0,0,1,0,0,0,0,0,3,2,6
41917,0,0,0,0,0,1,0,0,0,0,0,0,0,2,1,0,0,0,0,1,0,4
41927,0,0,0,0,0,1,0,0,0,0,0,0,0,1,0,0,0,0,0,3,1,5
41929,0,0,0,0,0,1,0,0,0,0,0,0,0,1,0,0,0,0,0,3,1,5
41948,0,0,0,0,0,1,0,0,0,0,0,0,0,1,0,0,0,0,0,3,1,5
41953,0,0,0,0,0,1,0,0,0,0,0,0,0,1,0,0,0,0,0,3,1,5
41958,0,0,0,0,0,1,0,0,0,0,0,0,0,1,0,0,0,0,0,3,1,5
41960,0,0,0,0,0,1,0,0,0,0,0,0,0,3,1,0,0,0,0,1,0,5
41962,0,0,0,0,0,1,0,0,0,0,0,0,0,1,0,0,0,0,0,3,1,5
41963,0,0,0,0,0,1,0,0,0,0,0,0,0,1,0,0,0,0,0,3,1,5
41965,0,0,0,0,0,1,0,0,0,0,0,0,0,1,0,0,0,0,0,3,2,6
41979,0,0,0,0,0,1,0,0,0,0,0,0,0,1,0,0,0,0,0,3,1,5
41981,0,0,0,0,0,1,0,0,0,0,0,0,0,1,0,0,0,0,0,3,1,5
41983,0,0,0,0,0,1,0,0,0,0,0,0,0,1,0,0,0,0,0,3,1,5
41997,0,0,0,0,0,1,0,0,0,0,0,0,0,3,2,0,0,0,0,3,2,10
41998,0,0,0,0,0,1,0,0,0,0,0,0,0,1,0,0,0,0,0,3,1,5
42004,0,0,0,0,0,1,0,0,0,0,0,0,0,1,0,0,0,0,0,3,3,7
42006,0,0,0,0,0,1,0,0,0,0,0,0,0,1,0,0,0,0,0,3,1,5
42010,0,0,0,0,0,1,0,0,0,0,0,0,0,1,0,0,0,0,0,3,1,5
42022,0,0,0,0,0,1,0,0,0,0,0,0,0,1,0,0,0,0,0,3,1,5
42026,0,0,0,0,0,1,0,0,0,0,0,0,0,1,0,0,0,0,0,3,1,5
42031,0,0,0,0,0,1,0,0,0,0,0,0,0,1,0,0,0,0,0,3,1,5
42032,0,0,0,0,0,1,0,0,0,0,0,0,0,1,0,0,0,0,0,3,1,5
42033,0,0,0,0,0,1,0,0,0,0,0,0,0,1,0,0,0,0,0,3,1,5
42037,0,0,0,0,0,1,0,0,0,0,0,0,0,1,0,0,0,0,0,3,1,5
42041,0,0,0,0,0,1,0,0,0,0,0,0,0,1,0,0,0,0,0,3,1,5
42042,0,0,0,0,0,1,0,0,0,0,0,0,0,1,0,0,0,0,0,3,1,5
42047,0,0,0,0,0,1,0,0,0,0,0,0,0,1,0,0,0,0,0,3,1,5
42063,0,0,0,0,0,1,0,0,0,0,0,0,0,1,0,0,0,0,0,3,1,5
42066,0,0,0,0,0,1,0,0,0,0,0,0,0,1,0,0,0,0,0,3,1,5
42072,0,0,0,0,0,1,0,0,0,0,0,0,0,1,0,0,0,0,0,3,1,5
42083,0,0,0,0,0,1,0,0,0,0,0,0,0,1,0,0,0,0,0,3,1,5
42089,0,0,0,0,0,1,0,0,0,0,0,0,0,2,1,0,0,0,0,1,0,4
42093,0,0,0,0,0,1,0,1,0,7,6,0,0,1,0,0,0,0,0,4,4,23
42097,0,0,0,0,0,1,0,0,0,0,0,0,0,1,0,0,0,0,0,3,1,5
42102,0,0,0,0,0,1,0,0,0,0,0,0,0,1,0,0,0,0,0,3,2,6
42113,0,0,0,0,0,1,0,0,0,0,0,0,0,1,0,0,0,0,0,3,1,5
42115,0,0,0,0,0,1,0,0,0,0,0,0,0,1,0,0,0,0,0,3,1,5
42137,0,0,0,0,0,1,0,1,0,0,0,0,0,1,0,0,0,0,0,3,2,7
42138,0,0,0,0,0,1,0,0,0,0,0,0,0,1,0,0,0,0,0,3,1,5
42141,0,0,0,0,0,1,0,0,0,0,0,0,0,2,1,0,0,0,0,3,1,7
42161,0,0,0,0,0,1,0,2,1,0,0,0,0,1,0,0,0,0,0,1,0,5
42163,0,0,0,0,0,1,0,0,0,0,0,0,0,1,0,0,0,0,0,3,1,5
42165,0,0,0,0,0,1,0,0,0,0,0,0,0,1,0,0,0,0,0,3,1,5
42170,0,0,0,0,0,1,0,0,0,0,0,0,0,1,0,0,0,0,0,3,1,5
42172,0,0,0,0,0,1,0,0,0,0,0,0,0,1,0,0,0,0,0,2,1,4
42185,0,0,0,0,0,1,0,0,0,0,0,0,0,1,0,0,0,0,0,3,1,5
42196,0,0,0,0,0,1,0,0,0,0,0,0,0,1,0,0,0,0,0,3,1,5
42213,0,0,0,0,0,1,0,0,0,0,0,0,0,1,0,0,0,0,0,3,1,5
42235,0,0,0,0,0,1,0,0,0,0,0,0,0,1,0,0,0,0,0,3,2,6
42244,0,0,0,0,0,1,0,0,0,0,0,0,0,1,0,0,0,0,0,3,1,5
42266,0,0,0,0,0,1,0,0,0,0,0,0,0,2,1,0,0,0,0,1,0,4
42277,0,0,0,0,0,1,0,0,0,0,0,0,0,1,0,0,0,0,0,3,1,5
42281,0,0,0,0,0,1,0,0,0,0,0,0,0,1,1,0,0,0,0,1,0,3
42292,0,0,0,0,0,1,0,0,0,0,0,0,0,1,0,0,0,0,0,3,1,5
42296,0,0,0,0,0,1,0,0,0,0,0,0,0,1,0,0,0,0,0,3,1,5
42305,0,0,0,0,0,1,0,0,0,0,0,0,0,1,0,0,0,0,0,3,1,5
42311,0,0,0,0,0,1,0,0,0,0,0,0,0,2,1,0,0,0,0,1,0,4
42318,0,0,0,0,0,1,0,0,0,0,0,0,0,1,0,0,0,0,0,3,2,6
42324,0,0,0,0,0,1,0,0,0,0,0,0,0,3,1,0,0,0,0,1,0,5
42327,0,0,0,0,0,1,0,0,0,0,0,0,0,3,1,0,0,0,0,1,0,5
42353,0,0,0,0,0,1,0,0,0,0,0,0,0,1,0,0,0,0,0,3,1,5
42366,0,0,0,0,0,1,0,0,0,0,0,0,0,1,0,0,0,0,0,3,1,5
42370,0,0,0,0,0,1,0,0,0,0,0,0,0,3,2,0,0,0,0,1,0,6
42376,0,0,0,0,0,1,0,0,0,0,0,0,0,3,2,0,0,0,0,3,1,9
42378,0,0,0,0,0,1,0,0,0,0,0,0,0,1,0,0,0,0,0,3,1,5
42382,0,0,0,0,0,1,0,0,0,0,0,0,0,1,0,0,0,0,0,3,1,5
42388,0,0,0,0,0,1,0,0,0,0,0,0,0,2,1,0,0,0,0,1,0,4
42394,0,0,0,0,0,1,0,0,0,0,0,0,0,1,0,0,0,0,0,3,1,5
42418,0,0,0,0,0,1,0,0,0,0,0,0,0,1,0,0,0,0,0,3,1,5
42433,0,0,0,0,0,1,0,0,0,0,0,0,0,1,0,0,0,0,0,3,1,5
42437,0,0,0,0,0,1,0,0,0,0,0,0,0,2,1,0,0,0,0,1,0,4
42444,0,0,0,0,0,1,0,0,0,0,0,0,0,1,0,0,0,0,0,3,1,5
42459,0,0,0,0,0,1,0,0,0,0,0,0,0,1,0,0,0,0,0,3,1,5
42468,0,0,0,0,0,1,0,0,0,0,0,0,0,1,0,0,0,0,0,3,1,5
42475,0,0,0,0,0,1,0,1,0,0,0,0,0,1,0,0,0,0,0,3,3,8
42484,0,0,0,0,0,1,0,0,0,0,0,0,0,1,0,0,0,0,0,3,1,5
42486,0,0,0,0,0,1,0,0,0,0,0,0,0,1,0,0,0,0,0,3,1,5
42490,0,0,0,0,0,1,0,0,0,0,0,0,0,1,0,0,0,0,0,3,1,5
42497,0,0,0,0,0,1,0,0,0,0,0,0,0,1,0,0,0,0,0,3,2,6
